1.226723895672474363e-01,3.639826914252999313e-01
-3.389014492729637840e-01,7.874742429383314590e-01
-2.605082174269146011e-01,3.601679404155108677e-01
6.462799087611846571e-02,-5.336315951236914046e-01
4.347953078663675530e-01,-4.346819518899250889e-01
5.236112002349174732e-01,-3.487289117332674215e-01
1.399480792878915192e-01,-1.481917213613710427e-01
3.689785531220694526e-01,-6.297916421818645638e-01
-2.214324835740549557e-01,3.480196617712197349e-01
1.051789809041451529e-01,3.024579581086361824e-01
9.552783894660171748e-02,-6.564118073574854995e-01
4.950181310025238424e-01,-4.776571687342490158e-01
4.089156634829452797e-01,-4.223056274478547700e-01
-3.554182499066713130e-01,4.139724983814500603e-01
-3.393427426559517679e-01,5.430524970624585057e-01
2.579615051823492822e-01,-3.832807607456153454e-01
2.079440813654430953e-01,-5.060712780268196154e-01
-5.559344237612544593e-01,5.226675499448790729e-01
4.685274071847915223e-01,-2.889465953839538970e-01
-1.307666930432625496e-01,3.418191723667277637e-01
5.291430045948115612e-01,-5.885873059419780562e-01
1.175916563842405033e-01,-2.992038162886296315e-01
2.756068199991472678e-01,-5.721930537912414128e-01
-6.367744833974169349e-01,7.127820440635495025e-01
-3.613426475815584293e-01,1.020489505534071667e-01
-4.099344213298513617e-01,6.055972306438337505e-01
5.433978645904087301e-01,-3.712483535574766513e-01
5.568721950702404389e-01,-4.294991656683958547e-01
-4.849357432287505487e-01,1.227500976492304358e-01
-5.662542684445224239e-01,6.414617364925929710e-01
-4.650529976148951028e-01,1.690867613128492486e-01
-4.686317963207070059e-01,2.237308115886474935e-01
3.516571894226439010e-01,-2.646904054302936515e-01
2.975759137805130128e-01,-8.875961360111084275e-02
-2.748822977121243571e-01,3.713786071710561965e-01
3.887499619987561106e-01,-5.131109701683012059e-01
3.315294627412137540e-01,-3.178626788683296400e-01
-4.018191118191901112e-01,8.512033884806284867e-01
-4.326335646017625547e-01,3.824955749177079700e-01
2.722128843435273060e-01,-3.606689776498153699e-01
3.064122137354493569e-01,-5.286609047145213180e-01
4.863085734817692019e-01,-2.659376423958103586e-01
-6.240562485365428458e-01,6.384215336598402235e-01
-1.924216507197951953e-01,-1.171878355222007173e-01
-2.001088551273123572e-01,4.221558357718584453e-01
-5.181030517810737424e-01,2.963604138836959390e-01
1.885135224050693281e-01,-1.959224106871188531e-01
-3.882215240522266519e-01,5.872316060956942474e-01
3.391306131721643080e-01,-6.610570315642899653e-02
4.175612953447717657e-01,-2.675917677466572719e-01
6.022071195783179620e-01,-3.597774009705964615e-01
-3.162582530602263686e-01,3.182448802817724465e-01
2.601573011668357749e-01,-4.771573953233084753e-01
-3.120102653941039805e-01,4.961163700740679472e-01
2.762229239535622938e-01,-1.101425717853550257e-01
4.147609501084447703e-01,-3.012614348720190835e-02
3.288357238230980584e-01,-2.035098244077037932e-01
-3.256101775245485164e-01,5.527221853145196651e-01
-4.004461577708050557e-01,1.255189704498150260e-01
4.242405335342899209e-01,-2.558928087690948150e-01
-1.905802235398977862e-01,6.013647969507904811e-01
2.142626617656527288e-01,-4.573694877031896366e-01
1.103812287596399183e-01,-2.516353214749552647e-01
-2.336769050947749837e-01,2.601204427353568938e-01
-4.734462999860090116e-01,5.421563763452987850e-01
2.626020984077496179e-01,-2.254434124744078838e-01
-5.778675260729411178e-01,2.778780312034479505e-01
-3.695579914203906413e-01,4.481946613520477185e-01
-6.251091345491818219e-01,4.063965246309603763e-01
-5.969122156872188611e-01,4.596534665985723134e-01
4.776083159265453459e-01,-2.872567247465237505e-01
1.653312117275289594e-01,-2.567417456608748205e-01
1.983803643739659728e-01,-6.067807556022372095e-01
-3.940750034934276114e-01,3.959138367632236699e-01
-1.146560542770883734e-01,3.174753160326515000e-01
4.251036644876965975e-01,-5.438534195029989249e-01
3.730570388257210546e-01,-2.383804096518647442e-01
-2.913495488344645112e-01,-5.474664722424805313e-02
2.161271515221639128e-01,-4.557811572458786986e-01
8.157718376323411236e-02,-4.426304333259087342e-01
3.273931208584117125e-01,-2.004086419361756910e-01
-3.337657943371483693e-01,3.166743677237367494e-01
-6.207880523541586815e-01,4.640129466373791867e-01
3.877311476708796834e-01,-3.894118736035573347e-01
3.244526034007508275e-02,5.011565573496153947e-01
-5.528986751253962828e-02,1.137371678630762634e-01
8.278226144782888651e-01,-4.284680656336860016e-01
3.709128275875808178e-01,-2.795028906073342423e-01
2.392722463469537375e-01,-5.050161951390951254e-01
-7.478459522799244530e-01,5.388007747362195676e-01
6.269482374768259314e-02,-1.690854958403812947e-01
-3.264557148394951480e-01,2.246448123518807460e-01
-2.993902691502460175e-02,4.591403262760042625e-01
3.325655794031245338e-01,-4.571416733101740237e-01
2.003884454884714839e-01,-2.890647527040435261e-01
-6.658387219437043036e-01,3.446201855809474801e-01
4.964353307773652357e-01,-2.446348572369981544e-01
1.377428112447700859e-01,-3.415324712084536474e-01
7.612579701894863771e-01,-4.529656433830795415e-01
4.469627035121577219e-01,-1.950520330560935323e-01
4.231477177373810239e-01,-1.771993594705434105e-01
-2.361450202597509540e-01,5.855648326627554967e-01
6.062870331694443227e-01,-4.742614806558938523e-01
4.101061833050568817e-01,-4.211139622513409009e-01
-1.013587970185346188e-01,5.711435417825049266e-01
2.114705003197757394e-01,-4.767389115414787937e-01
3.448020974127645744e-01,-1.172449663474603304e-01
-3.491276872928491537e-01,4.223111647494779408e-01
-2.959901597186267996e-01,-1.862974900351503926e-01
-3.317890139489784174e-01,5.394017179525459893e-01
-4.512523266386631038e-01,-3.663237945596695827e-02
-1.703720791383912525e-01,3.429621746183094122e-01
5.907077202148464101e-01,-5.476250372002798850e-01
5.524932445473632048e-02,-2.316605910712665750e-01
-4.189816200844042049e-01,6.435649384120667449e-01
3.576259860455403561e-01,-4.090128650114030484e-01
2.347338537768831335e-01,-2.736641969907569472e-01
-2.648638356698333474e-01,4.110836290074230126e-01
6.525183947716584054e-01,-3.734486159531527072e-01
4.171677919856296435e-01,-2.930801209692586173e-01
4.354732605538917944e-01,-2.914670901033803996e-01
-2.281456059186555418e-02,3.378446979075264700e-01
2.799305355388326255e-01,-4.882982638177989498e-01
4.785167244933665742e-01,-5.589755651523360402e-01
-3.423798704424780848e-01,6.084976169103383237e-01
-1.292363173983314406e-01,6.018575187903293378e-01
2.310154382704388693e-02,7.752863553044467282e-02
2.565091011118541542e-01,-3.166053552351699163e-01
2.126309258197968399e-01,-9.675060736983948084e-02
-6.850598900105931977e-01,4.480020248203271938e-01
-4.274934573410167360e-01,2.257151754013262124e-01
2.840566976357710924e-02,-5.006989060294604332e-01
-2.824138348214189631e-01,7.544382603218492411e-01
3.735475881003813559e-01,-4.715238385312520708e-01
3.782363827825829250e-01,-3.140895462590994613e-01
-4.067499299361957976e-01,2.950394135714867194e-01
-6.750049708472537491e-01,2.076380287650143319e-01
8.504037391381098765e-02,-2.639448436886237537e-01
-3.340998673497773686e-01,4.733197720086163018e-01
3.121913414656625751e-01,-3.449134736494607334e-01
4.535706277611694093e-01,-5.174565973041201916e-01
5.815879710204332337e-02,3.995837472024627579e-01
1.050270309705711030e-01,-4.003337863895943816e-01
1.023731087998214218e-01,-5.422019819480028424e-01
-4.882591545733633853e-01,2.102177468258934201e-01
6.069155273949157214e-01,-3.246938373382692311e-01
-3.048613895193603152e-01,5.597844428735346822e-01
-1.842449175695565489e-01,4.368830410729849789e-01
3.815791188612138729e-01,-1.353942936832958910e-01
2.398423771151582118e-01,-3.372274155866503698e-01
-1.667748690697044289e-01,2.551331399915057752e-01
-1.932245108133779921e-01,5.904366633066686632e-01
2.258222888111614257e-01,-4.823768236362789841e-01
-4.231786317487606364e-01,5.522302736213973162e-01
-6.307603239154622177e-01,3.567994456966305794e-01
4.022818497927651005e-01,-6.229746957736213009e-01
-2.714638303544733011e-01,4.677450999023490680e-02
1.898031672347930132e-01,-4.010109795536465627e-01
-3.576655193537897071e-01,1.819420576840782011e-01
-3.634861923600027911e-01,3.222589991790255626e-01
-4.215450108475033986e-01,4.286037989441406904e-01
-4.481486277416297792e-01,5.626728872544027871e-01
-3.153163469089258486e-01,1.955828548942407097e-01
1.726960381948487167e-01,-5.592159227061858084e-01
-3.908016208662398738e-01,2.358353650901534870e-01
5.206485396223745621e-01,-1.097689148277787852e-01
3.481857585861656834e-01,-5.572998330354577146e-01
4.548041188830994064e-01,-3.092216542027209081e-01
1.489934597486968215e-01,1.083420712744807834e-01
5.014977291255273695e-01,-2.016201100941243107e-01
-1.824096610679916686e-01,4.371643667600528804e-01
6.658435594624970699e-01,-2.904645136022809826e-01
6.811284167628252062e-01,-1.857747097502014666e-01
3.046003612385092540e-01,-5.128784123729693833e-01
-4.804956996276744663e-01,1.076772561667052597e-01
-1.224530201358015186e-01,2.454595474441051417e-01
5.175096661409375187e-01,-2.454363091893662085e-01
-2.242099547665143619e-02,-5.603095686649897100e-01
3.723300542430450083e-03,-5.329224774332149694e-01
-1.651625955043213301e-01,5.098456737916754467e-01
5.448081357951217729e-03,3.205862776927679292e-01
4.917482830174602082e-01,-3.038273785343770794e-01
2.218956137028667286e-01,-3.998930448399938276e-01
-7.005922207015377046e-01,4.008196262352105022e-01
-3.583890664369979717e-01,4.542870534595807031e-01
-2.769284923295484147e-01,4.042377747593424164e-01
-3.685276663016069931e-01,5.211653117677904623e-01
2.752229697377581510e-02,-2.964427921157949397e-01
-5.736976390799817388e-02,8.887237383811365243e-02
-2.894019471962654411e-01,6.249694931576352808e-01
3.388772213745979700e-01,-2.984263337215876666e-01
4.582772043280747276e-01,-4.697370344988380242e-01
3.343305027150537123e-01,-2.029712469398436692e-01
4.448287426884933726e-01,-1.678975556951158299e-01
-2.525249805321695962e-01,3.169420910718559470e-01
-3.457822789469099933e-01,3.557361972876627587e-01
-4.264036914241983722e-01,3.817400021985336567e-01
-3.783780847962195937e-01,1.757202478359417286e-01
1.973717614850783453e-01,-4.531543324990224275e-01
-6.314718195908779474e-01,5.136945753721628982e-01
1.177715425042109160e-01,-1.542130816431980071e-02
1.579835732588547592e-01,-2.610281741741534156e-01
1.907750284830033172e-01,-4.036104639547407613e-01
-4.747407027858956963e-01,4.282900145695066607e-01
3.743964948084544525e-02,-5.736403101106983815e-01
3.317090267675025794e-01,-4.709973205809957486e-01
-3.532167631312209122e-01,1.359578423215126175e-01
-4.534596820050353361e-01,-1.505374239690739080e-01
2.451988604302270947e-01,-1.865969062169943182e-01
3.971983861698387130e-01,-5.311166689446732425e-01
7.662310509122018110e-02,-3.729409109238651099e-01
2.030377279046311212e-01,-3.060423139973195150e-01
3.385913739790741284e-01,-2.439688843822450659e-01
2.934434716720554434e-02,4.650422463966129571e-01
3.169268432266204027e-01,-1.382722616312993813e-01
-3.626890861291280910e-01,3.271084214711295624e-01
-4.230766915551300578e-01,4.933816227955373779e-01
-3.066565887465262374e-01,3.959791875580174203e-01
-2.688469930454525092e-01,3.703020060950230063e-01
-5.134064026520602786e-01,3.966606489538241354e-01
-4.902911433695802401e-01,2.698758811547363190e-01
4.113157296800435403e-01,-5.380243256967974785e-01
3.692363036442777857e-01,-5.315945715977895558e-01
-2.242190915288035657e-01,6.213906570281199082e-01
-6.212066899138475318e-01,8.556350905578653798e-02
-3.425670302735662198e-01,3.799037477336512092e-01
3.230187244645884581e-01,-6.473831335394649722e-01
4.319800538686561220e-01,-2.602188210568058269e-01
-3.036107115028913728e-01,4.836245699465602788e-01
3.740714724130826396e-01,-5.519098777095532427e-01
-1.157676843371669151e-01,3.729523295510703829e-01
-3.237463058822980244e-01,4.488481303352236385e-01
-4.807502279834931502e-01,7.134669086129756810e-01
2.391326507323618678e-01,-6.156692988842030756e-01
-7.114982485770418030e-01,6.235092457233457619e-01
3.653857874810491069e-01,-2.431870412536334958e-01
3.579379004806149678e-01,-5.119162053166026460e-01
4.667730150994135463e-01,-2.705312288756659411e-01
-2.715126145299516791e-01,2.501272100604901572e-01
1.786164209353955090e-01,-6.516040054809436599e-01
-6.092652626609725702e-02,-6.252771857621018947e-01
4.392416761045280782e-01,-2.776664001619482680e-01
-9.893703222047534052e-02,-3.496251865599918629e-01
1.911067152563510341e-01,-3.183529067403239599e-01
3.805290011413117179e-01,-1.870342537719203169e-01
-3.512618310138378996e-01,2.944802502571311487e-01
-4.948627858293184745e-01,6.223759473780939855e-01
2.459567245858444440e-01,-4.510374369268991268e-01
4.288775495815190797e-01,-3.851066121286558230e-01
8.696667036410146712e-02,6.938516781303905034e-01
-9.981136687693056841e-02,4.072891598503133870e-01
5.491779078062405395e-01,-5.951533422184206445e-01
2.386304539662025548e-01,-1.683128306344903735e-01
-4.640604557430404870e-02,2.301279533716362735e-01
-4.587584877803237426e-01,3.558659605846227203e-01
-7.282520843842015257e-01,1.871880323008290603e-01
2.770385258805739825e-01,-2.868740009007588188e-01
-6.780786534686004952e-02,2.578716715638767476e-01
2.030335139202565087e-01,-3.029834618114385716e-02
5.763627421200520073e-01,-3.901235912568359332e-01
-5.628186746905144977e-01,4.275329615342083889e-01
4.865008053625269890e-01,-2.795397313015984819e-01
-3.586916540307132917e-01,6.326164038909504184e-01
-3.866595747675318773e-01,1.675243379915052344e-01
-4.013861142914212365e-01,7.648570539663129830e-02
-3.124819580349618153e-01,3.957127704642622312e-01
-5.723655512682903623e-01,6.135254178509689238e-01
1.466146842330686151e-01,-6.060371876201190444e-01
-2.089069259344667473e-01,4.441656794733315761e-01
5.750867416500462515e-01,-3.271382371816330403e-01
3.505327296793082636e-01,-2.664629346861963066e-01
-2.301033979549934327e-01,8.503127289443158932e-02
-6.573682343571074504e-01,2.886768648516552793e-01
1.829195330849980872e-01,-4.570809854333439115e-01
-2.925489858869835813e-01,3.594675544069488859e-01
-3.045908245482690790e-01,1.465357248597395079e-01
2.819683847656032638e-01,-5.371740359319441271e-01
-4.507552433806192305e-01,1.663501089749094275e-01
-1.704764245406364606e-02,1.265682396288557443e-01
1.125053663747713623e-01,-5.153164283834791304e-01
-1.885394803634181660e-01,6.524376517123237074e-01
-3.980110048180978133e-01,3.740089899837902854e-01
-3.258429594032319354e-01,7.860953593225218361e-01
5.412415240062504740e-01,-4.723049961188127699e-01
-3.335921018168152008e-01,4.883694804151175739e-01
-3.374001382885882250e-01,3.624712631060564294e-01
-1.509909329058361782e-01,4.524106358152427676e-01
-2.737891190877251302e-01,5.960166651501269675e-01
-4.565303216162137634e-01,3.836931174928886468e-01
4.879827886944694826e-01,-4.074891777650341274e-01
-1.356065820791097290e-02,-6.549649861238798776e-02
1.833768992105309081e-01,-4.542292235230853126e-01
-3.454946340209357758e-01,4.575921596804255476e-01
2.640521681433630752e-01,-4.114924084167519425e-01
2.630129700517122027e-01,-2.002030259617823826e-01
-2.757048128838950063e-02,3.636610398155253332e-01
-5.150413121220625001e-01,2.654993224687731135e-01
4.231601033728439321e-01,-3.684518966180903021e-01
3.615718261696143077e-01,-3.215836212279080675e-01
3.508766961723923661e-01,-4.487859151431094484e-01
3.146343502578708429e-01,-5.808999581301426129e-01
1.579607489545956089e-01,-4.380643101849897025e-01
1.015080482943671730e-01,-5.415609786246808888e-01
-2.437314759168467682e-01,1.383485770758526023e-01
-4.518426246346973207e-01,4.096766032477204278e-01
3.168825033300196048e-01,-2.003384801624592260e-01
3.946933068690473001e-01,-4.380245652665470391e-01
-4.090297000281569728e-01,5.236159380403728747e-01
3.182828376896811862e-01,-1.453569335107895710e-01
5.718622615362770611e-01,-3.507087952487609739e-01
-3.341014798992109625e-01,2.698631189015735510e-01
-3.213096530039049048e-01,2.555815678250309420e-01
-2.147906486766765488e-01,3.078274825946508142e-01
-2.497570961699116243e-01,4.236370913513983205e-01
3.165803848383242913e-01,-1.400746129202192769e-01
-5.155939499454893493e-01,3.632502099614560720e-01
2.333496610950154260e-01,-2.794060476568841489e-01
3.809804267193490079e-01,-5.103864032186551658e-03
3.417866835679788662e-01,-5.399140254450757181e-02
3.217693404889843123e-01,-4.677110662882917325e-01
-5.100037389801150844e-01,1.034432377480978271e-01
-4.146231202590051623e-01,5.919794086586237514e-01
3.728185326412160605e-01,-4.753326327397772721e-01
4.838305464665588751e-01,-5.330452602755361147e-01
-2.616758260324353325e-01,4.299571758404686639e-01
-4.359053410382464078e-01,2.900441968562444961e-01
2.155804319365862975e-01,-8.473908432972931948e-02
3.737067717936074507e-01,-5.504864279979038155e-01
5.773882099131611989e-01,-3.308751265216301474e-01
4.324054025558323744e-01,-4.716911528011951127e-01
-3.018873766154344662e-01,6.366664555845298334e-01
2.464955546674410247e-01,-2.477229713440423642e-01
3.684654816339695826e-01,-2.199516779923259002e-01
7.419981917265071336e-02,-1.755356054982067093e-01
5.305507711730430565e-01,-7.040267234110277050e-02
4.211435892791656754e-01,-4.069251196911060631e-01
-1.797855802050627450e-01,5.041955983113419748e-01
5.354979703340351227e-01,-3.914330892715596200e-01
-3.362894383817434107e-01,4.915240821100996804e-01
3.632948188885848362e-01,-5.867109765965378143e-01
6.923314201574476412e-01,-4.116431806036983110e-01
4.678027750736044044e-01,-3.387519321882238033e-01
1.687552564084046636e-01,-3.413469765480315332e-01
4.432930377700149416e-01,-5.556026025487722508e-01
-4.085686284138633217e-01,1.616703632114362410e-01
1.577701179001190501e-01,-3.515354641880383268e-01
2.677326047296442746e-01,-3.670827609956640036e-01
6.085633303694255591e-01,-3.784265350232557945e-01
3.654146820358329384e-01,-6.464619797333434059e-01
-2.335163241897446895e-01,5.437620363861145334e-01
5.297658520829643392e-01,-3.011850774602947145e-01
2.329521869449198423e-01,-5.069592145580318343e-01
5.363437962971998596e-01,-4.749655376589352884e-01
-3.360569744574648521e-01,4.119516627073218085e-01
8.369173260609792664e-02,-3.066889037354468828e-01
4.269229608979355772e-01,-3.377239491678371008e-01
3.290968082880886270e-01,-4.469388734589497814e-01
1.486824099782007580e-01,-2.022038670395448212e-01
3.542759344585710291e-01,-4.269185005847013215e-01
3.083996719435766476e-02,-2.460389389830739126e-01
-4.540770488068777699e-01,4.105293577506529679e-01
-4.104716304904238999e-01,2.167218037247836127e-01
-2.868536137212841508e-01,2.185761233848291518e-01
-1.399425031452972423e-01,-5.696772681989565879e-01
-3.029308188671319679e-01,4.510188128856515433e-01
-5.085232611089719468e-01,2.678759993184956500e-01
-4.985939051498811114e-01,4.136856463635909531e-01
-2.016007060736282053e-01,1.544626931358161759e-01
-3.359244295102259970e-01,7.937589118250437670e-01
4.039043265972604990e-01,-1.788099944707506606e-01
3.879674918008166329e-01,-3.490831009305942478e-01
5.179574542567136897e-01,-4.699112462602851314e-01
-5.057066004199635145e-01,2.299411390484879247e-01
-2.151467426943543260e-01,5.836295136628401048e-01
-9.929204379613454368e-02,4.050539166755876552e-01
3.714791896795231474e-01,-3.242391878096772539e-01
-6.211703927616794019e-01,3.652482920489587004e-01
3.026124293998614379e-01,-3.749217859430339916e-01
-3.328958348376469534e-01,8.138147317289979865e-01
3.766802520482385175e-01,-7.766044675370049610e-01
-4.553927388450600966e-01,6.912334813902983877e-01
-3.596472590508005829e-01,5.678981534795588537e-01
-3.631723118661411842e-01,5.889415430015203512e-01
3.546435982675256171e-01,-5.463703180260334191e-01
2.411475096601325280e-02,-1.649090692119649648e-01
-4.378279385871596263e-01,4.664822899466638528e-01
-3.501636321015235143e-01,3.285685457659450748e-01
3.631114177877630134e-01,6.789067884948050968e-02
1.807055764326846725e-01,3.482789959302372979e-02
6.054670909320336580e-01,-4.787448842242351676e-01
-8.552515705496350762e-01,5.419478124524244045e-01
4.328512893139899176e-01,2.588297950149701099e-02
2.597505311014072227e-01,-4.960616676383546864e-01
3.213453773692930837e-01,-1.568059687610515729e-01
-2.808217011464850810e-01,5.013771915156307601e-01
4.414819004023703419e-01,-5.191855440103552155e-01
-5.571359391370616088e-01,3.830948346750643885e-01
-4.841728071622205531e-01,2.013092133204906764e-01
-3.672933882277742423e-01,3.900727743205488762e-01
-1.972695536772822375e-02,5.466272179863419511e-01
2.878968512524547885e-01,-4.431020956172430636e-01
4.522233499932928891e-01,-4.751889409277798570e-01
-2.982671341751884642e-01,4.910769142609136551e-01
-5.113528071162788402e-01,7.583575223495062634e-01
2.856975225233713833e-01,-5.078263657999158021e-01
9.525173744227274919e-02,-4.478567963316448242e-01
3.242696133639638711e-01,-1.066932506244039208e-01
5.080462477516459741e-01,-8.740049386510154728e-01
3.830298048915414255e-01,-4.054723884374503151e-01
1.948049350251218337e-01,-1.377335410393004389e-01
3.441371622894728866e-01,-3.888880012261062835e-01
5.037592973410895958e-01,-4.158164675457854398e-01
1.805564343020422124e-01,-6.905068691996228969e-01
4.017105444735870057e-01,1.976178109747375733e-02
-4.722314316141379975e-01,4.813469595872832407e-01
1.274843773189030839e-02,-2.730149071974712349e-01
-4.072107056953454540e-01,3.214180865568050383e-01
2.792561792200070614e-01,-5.713157678231990388e-01
-4.574342753870330180e-01,2.725842776938244838e-01
-3.208645237946169959e-01,3.070959195150914089e-01
2.983292204659945268e-01,-4.775991877710497047e-01
4.153620742304048319e-01,-4.588324369537783998e-01
2.083316963892762053e-01,-3.232523563605582684e-01
-3.071306094627528904e-01,4.571684286265260272e-02
-6.070803992600716237e-01,4.555395717460291038e-01
4.130752100493440548e-01,-3.489512097176249994e-01
-4.529134013866334407e-01,3.923938793397062086e-01
4.876179256974430554e-01,-1.699226786291893054e-01
5.931968730989751332e-02,-2.518095846138679872e-01
3.889228463427648608e-01,-3.739004024297922779e-01
-5.009439450165414920e-01,6.094877393725921522e-01
-2.301480630419296958e-01,4.873926761398073570e-01
1.743126175485679996e-01,-3.352035145485068868e-01
2.477458222538429233e-01,-7.679647676615566909e-02
-2.538051196836088041e-01,4.447166754392234411e-01
4.110082310626046453e-01,-1.235463571315200265e-01
3.771588812091914988e-01,-5.584473478048140871e-01
1.737466894182476962e-01,-7.672156324841339359e-01
1.060930427937540194e-01,-3.351940996581837529e-01
-3.922865789790538904e-01,3.115911343237762199e-01
4.892807932959757355e-01,-2.907048003870612574e-01
-5.380459602120767071e-02,4.340446926592560484e-01
4.135607608738127161e-01,-5.097777357181170199e-01
-3.021860549840769683e-01,4.391950142413618141e-01
-3.340134020720718078e-01,6.898569244557217761e-02
-2.080919200594635032e-01,5.696251519909893979e-01
5.489369164311390659e-01,-4.222836555956646643e-01
7.934816552851117200e-01,-5.734777638629582480e-02
-2.380782318869537617e-01,1.937522863988606625e-01
2.295632501924214919e-01,-4.816397117008157092e-01
-1.755644139422266603e-01,6.254684171812896487e-01
1.805227562912296857e-01,-5.560939700042033529e-01
-6.083811017095269724e-01,2.832605832759818587e-01
1.863328721095883211e-01,-3.741759742748470563e-01
3.051895370034108934e-01,-3.381813933812881090e-01
-2.659335425338538728e-01,4.784222253011158332e-01
3.824988381565709861e-01,-6.508339898837920412e-01
-4.236942445147311442e-01,3.782398194004104597e-01
-3.734139972967069343e-01,3.041694244068689490e-01
-1.778742142982052687e-01,3.488701679822809321e-01
-4.186342749874899516e-01,4.529201658002737774e-01
-4.321558020935781230e-01,4.979845906789074350e-01
4.321027029925976204e-01,-4.916995845911206198e-01
9.403910545387751674e-02,-1.794293268506202133e-01
-1.522534742109929451e-01,3.341079823480654909e-01
6.821098931767717310e-01,-1.366531995047803039e-01
-4.751401920177936167e-01,3.571864934042847106e-01
4.750495371190486815e-01,-4.865551072654971665e-01
1.784460491885755604e-02,-7.937169496978088157e-01
-4.001518943600175793e-01,2.296580389306827896e-01
-1.975675017249736154e-01,4.387184885138372681e-01
-4.432956477894394176e-01,3.334172795683268964e-01
1.435808256947170014e-01,-5.012302815997428107e-01
-3.433632775907268786e-01,2.861130324596368735e-01
-2.606314511742697237e-01,9.143888990417806117e-02
5.168945710833500184e-01,-6.461986825618093455e-02
-2.932806970379477907e-01,2.457333606253084834e-01
8.420455959836527227e-02,-1.946537145301515392e-01
3.199935169339774288e-01,-2.463623463278292736e-01
4.168399681480572938e-01,-6.715468987684020119e-01
4.724268436287921702e-01,-3.081749677574586732e-01
-2.244074819629228723e-01,3.065626194397552684e-01
-5.651677428560011318e-01,6.867993558883097593e-01
-4.571649543561748796e-01,6.196502509892158894e-01
6.655246106152175045e-01,-1.039036983605920866e-01
-3.290293562622737533e-01,2.914636322956131176e-01
4.179109182940341505e-01,-3.446472685199397645e-01
3.700915207062278056e-01,-5.239931797664498792e-01
5.027315839683658139e-01,-5.715036815846222806e-01
6.383908287003604576e-01,-4.733528161173981008e-01
3.649024855179907600e-01,-5.281305043917945419e-01
-1.196658729991303405e-01,9.688956234723672400e-02
-3.653247170257336585e-01,3.065595454412660126e-01
4.499247750260230161e-01,-3.702201468216504976e-01
-3.353930734830526950e-01,3.647809639119615199e-01
-4.410234650785644916e-01,4.402168562615056402e-01
5.518622710684446542e-01,-4.642425979724038587e-01
3.389169028596225597e-01,-3.776543978266135859e-01
1.931671672810473528e-01,-5.762189821656633626e-01
-2.351272108032637920e-01,5.496394584635342362e-01
1.925031522607385526e-01,-1.187060348252757108e-01
-4.511379058302122380e-01,4.057387537986352211e-01
-4.716149175958717077e-01,2.122980995228173628e-01
-1.661179436915586338e-01,5.084191507960512668e-01
1.733059208358565806e-01,-6.222593037625484547e-01
5.205247440717067908e-01,-5.361785182629876800e-01
-3.278346813742656352e-01,1.770132533771102412e-01
-1.232584278174056330e-01,4.171789559686699400e-01
-1.553723251307379816e-01,-9.921459926385318984e-02
6.056470935875971628e-01,-4.410113048304405425e-01
-1.438477737193205874e-01,4.423394798126637495e-01
3.246189413322298489e-01,-2.828704151517275056e-01
5.958601495496906875e-01,-5.320327559071559298e-01
-9.612362687678446815e-02,4.515823543019436004e-01
-2.759660868982241611e-01,1.728567076522731227e-01
6.898436339281126539e-01,-1.714575113062455913e-01
3.111487869580888410e-01,-4.727389500118248655e-01
3.691451547125151889e-01,-6.779900911229721494e-01
-3.478985680147837489e-01,3.242912043737611327e-01
-4.117287997646439934e-01,2.384516248858840337e-01
5.600228223742992339e-01,-3.968065146145294819e-01
3.067978316173688991e-01,-2.318942461616051443e-01
-6.266263171368886553e-01,3.541708945256236696e-01
4.676211096909523857e-01,-1.945785627217204994e-01
-6.000747954457840150e-01,3.260610108054456391e-01
-2.055276936210521654e-01,2.908304430517195671e-01
-9.048301165131826529e-02,3.881031269590200505e-01
-5.176377352182035541e-01,3.125389337368263964e-01
3.659400242293963101e-01,-4.936866562025941096e-01
2.877021021377670906e-01,-5.256517599554156872e-01
1.320270188525400068e-01,-5.000387763134009900e-01
1.636786402906469928e-01,-7.710089700726661111e-01
-3.090456499238233845e-01,3.059138747000854086e-01
-7.339324561316740159e-01,4.246317200262706981e-01
1.561305509248832046e-01,-3.318512242475055163e-01
-1.909840611564757318e-01,2.141263762959495220e-01
-2.614679965658959770e-01,3.030256902256684981e-01
-6.831325161722447137e-02,4.985274192916945291e-01
-2.114358527115043351e-01,4.826893931239439328e-01
5.525756676595467570e-02,1.801971913068565745e-01
-3.561831592888116682e-01,6.326503726141947670e-01
-4.438698553980668926e-01,6.670642766944855362e-01
3.911879177683583730e-01,-1.738731416370302429e-01
-3.651714685226159496e-01,1.489564331120651342e-01
-1.133270419606911134e-02,-5.822994205303256843e-01
-6.159142225121043701e-01,2.124097761295830611e-01
3.162760480676831687e-01,-5.337627363750518938e-01
-7.041068924942998075e-01,6.396895264300701545e-01
-3.018827384487695054e-01,4.615769598509620320e-01
-3.338181583236193295e-01,8.570758160120985070e-02
2.639922637205192046e-01,-1.073686340320193083e-01
-6.324573982541298323e-01,4.499410909772642575e-01
2.280706480701689687e-01,-1.014367648657584636e-01
-3.937531088788074340e-01,6.539070623197991428e-02
5.486565443393353059e-01,-5.773702084200983409e-01
-3.502977499294723795e-01,3.775024668584305299e-01
1.747431272128030511e-01,-6.651681111937063351e-01
-3.674631822205955411e-01,5.732882882030433391e-01
2.895761366668854822e-02,-1.049668136904981369e-01
-6.423872391750019561e-01,4.618047809116433977e-01
-2.478360059867056597e-01,8.046528211463724878e-01
-1.713329611694268395e-01,5.206974087142339780e-01
6.407089927446667499e-01,-1.041350274003149251e-01
-3.212786509586236794e-01,5.002607140604367064e-01
1.940092121582304430e-01,-3.930625306978141609e-01
-3.225684622564327642e-01,3.606773292652561969e-01
3.294796338149649784e-01,-4.988487525844571002e-01
3.358673052585475771e-01,-5.208161686424639392e-01
-4.019772123347547521e-01,4.794590194573151165e-01
1.000000000000000000e+00,6.374581783997590456e-02
-2.839379020551990873e-01,7.926272150545902173e-01
-8.490773299450370126e-02,7.311122613282743377e-01
2.673429751373410657e-01,-4.845144604108425068e-01
-4.270567012311424215e-01,8.273884169366831909e-01
2.236005726507585001e-01,-4.621087382367338736e-01
-3.321464383219366878e-01,4.698008198889029319e-01
-2.924601253868323036e-01,1.926644145629545224e-01
1.078931187216807253e-01,-7.318729030128783286e-01
-1.179189527026519996e-01,4.926549384161688083e-01
-1.819048349785637730e-01,3.530528731838450951e-01
-3.303593343515195957e-01,3.381510305894985247e-01
5.327501713740037115e-01,-2.991628787105219955e-01
-7.051586384775124783e-01,3.504042393749114831e-02
-5.261280773360804686e-01,3.564715011182368887e-01
-3.382891821425888512e-01,3.394926395033390221e-02
2.801590054713926636e-01,-4.325326277918620232e-01
3.263375191192905422e-01,-2.767291549168710008e-01
-2.918006022851888925e-01,7.025553811571130236e-01
4.896670842889823683e-01,-3.664718159499977812e-01
-8.390643124782934392e-02,3.395236622689686290e-01
4.813957703072320182e-01,-1.338301554361826830e-02
3.993342232595625263e-01,-2.999653780096723787e-01
2.118735254568082094e-01,-4.302953730368846985e-01
2.218361231193514138e-01,-4.082249747393260630e-01
2.138488305799024214e-01,-6.454410269271775302e-01
-2.080258292468741832e-01,5.312435004001356820e-01
-6.551272447989558989e-01,2.480723895230826925e-01
3.642741772858436033e-01,-2.736307858925647873e-01
6.756604424270635789e-01,-6.782478191586581717e-01
4.623028043521132391e-01,-3.193235823079503821e-01
-2.636330395085880740e-01,6.938911976443875584e-01
-4.033835125343788186e-01,4.389692098963183381e-02
-6.189255677893252816e-01,2.825140108761985958e-01
3.650429921613775885e-01,-8.464210186694941240e-02
2.935875738538616386e-01,-4.364150504078429527e-01
3.816923035222005711e-01,-7.562424662137212650e-01
3.707715418810889618e-01,-4.318730583660038147e-01
1.727331510559383665e-01,-1.346721371789356136e-01
4.166776947479515769e-01,-4.848997698776584819e-01
-2.558062457673381251e-01,3.561214113731651643e-01
-7.844843069692958304e-01,1.626898782450423020e-01
-2.218164472887342309e-01,5.072464248685357724e-01
-2.163928189453659112e-01,3.823477618275730738e-01
-4.176653140477930015e-01,2.567384337929365934e-01
4.756799740818964395e-01,-5.102181593470900278e-01
-3.977208184014628944e-01,2.433018305160470629e-01
-4.350785960902713301e-01,1.730114129732703565e-01
1.409474702176706784e-01,-9.071876858430040491e-02
6.410334900240424183e-01,-4.958474978948878009e-01
-3.522125129799078547e-01,1.320408866546713689e-01
1.943083814020391265e-01,-2.040542691343359971e-01
-1.380880819157079553e-01,3.442266130517995792e-01
-5.432804314421662006e-01,6.203179086427301758e-01
4.671218325439520647e-01,-2.379103748682514785e-01
4.555833039753220959e-01,-4.812202130936698019e-01
3.853711538251954893e-01,-4.289386289733826962e-01
2.881931967935056904e-01,-6.106418826742691097e-01
4.610917606448864947e-01,-3.670765928231036201e-01
2.711768123939619080e-01,-6.354900088689040549e-01
-1.755878143353043486e-01,4.198522595788686251e-01
-4.043542105035771161e-01,2.015188166645069667e-01
-4.431234570090215596e-01,3.679632310569790343e-01
-1.987745654098793321e-02,5.189358888346655707e-01
2.598769782105188053e-01,-7.439135249941440930e-01
5.080474362988057768e-01,-2.844296217456550036e-01
-5.743189872028910958e-01,3.700444159087822871e-01
2.001836705458572285e-01,-2.921460209714361045e-01
-5.670907376349014761e-01,4.785925297741382423e-01
-4.339380696337208909e-01,4.553031002959058160e-01
5.078846555220838388e-01,-5.267753024231277559e-01
2.735426767436725526e-01,6.523853279239318764e-03
5.618620049035147890e-01,-5.810958850711832602e-01
-1.921054294846229471e-01,2.394375245001473806e-01
-4.314994933311426251e-01,3.576310906091355601e-01
-3.130434311209883136e-01,2.002087378002601614e-01
-3.993663450965470041e-01,3.822878952076024239e-01
2.019398487411147303e-01,-4.002946995229648697e-01
2.096369438514659733e-01,-2.802700284019012389e-01
2.399876626205577623e-01,-4.446484551850479056e-02
-5.849970932177767091e-01,7.501352662736945343e-01
-4.786650518899889795e-01,2.912183707920648068e-01
-2.825304555580062660e-01,4.992381655685518282e-01
-4.544152360398015338e-03,4.504653432668206947e-01
1.331837854162012114e-01,-3.729129688522918040e-01
-1.724635989086695798e-01,7.954133520815603875e-01
4.573184552606868736e-01,-2.393555460405668855e-01
-3.374225313626821876e-01,2.670936738009705436e-01
-7.469157571929664341e-01,3.815504481225143740e-01
2.513217243997815098e-01,-3.998974658007090621e-01
2.462955341022867728e-01,-2.996124590631895068e-01
-5.605559064474645581e-01,2.686492283010821769e-01
4.027016735581917528e-01,-3.444963222261925861e-01
1.855370114786273616e-01,-3.167334985006595716e-01
-2.206275769503579509e-01,3.784634180871040421e-01
-2.497396336149284024e-01,4.565292007134684749e-01
-2.674026575350375579e-01,5.039212382972588777e-01
-2.994325397353742590e-01,4.073869760152269981e-01
-2.972906469471222057e-01,3.049245374086068106e-01
4.938709272024208174e-02,1.066991335710399946e-01
5.424390343728676678e-01,-1.845708069565411558e-01
5.493893792638969709e-01,-2.118202165357350730e-01
3.105932109785054518e-01,-4.505401807594650587e-01
2.119536087256790879e-01,-2.314536949934195842e-01
3.455235214973257363e-01,-1.178939029148479492e-02
-6.222014995002831395e-01,4.668120620991274977e-02
3.685436957610229713e-01,-7.496819262638690917e-01
-2.169826357241698978e-01,3.314607642698343404e-01
-1.448550227602606322e-01,1.476164885689162098e-01
1.797984001283527700e-01,-5.287899820772437032e-01
5.269572357479209712e-01,-2.617741551068091255e-01
-2.098736148029730353e-01,4.004381299379314862e-01
3.544679664179502532e-01,2.710665020083713461e-01
-5.851474611948631610e-01,7.360392664552884989e-01
2.687762589628578391e-01,-5.525681026700015597e-01
6.012127708844926255e-02,-2.581534092408580561e-01
-4.716573667961147520e-01,1.080830520735771155e-01
-4.147321411339788266e-01,4.845087476509200020e-01
-9.629683267698532778e-02,4.628166076610190638e-01
-2.774921516952048584e-01,4.132304574527568830e-01
-5.773826328883745890e-02,-5.550871985388557972e-01
1.356775725738707528e-01,-8.597246189383624115e-02
-2.579760328653321055e-01,8.920431430346352775e-01
-6.129306207761330283e-01,5.351481437543600395e-01
1.295543680403724307e-01,-5.742234607768751525e-02
-3.750808609376441449e-01,5.830046424806031163e-02
-1.433170560222147560e-01,2.079983187643733300e-01
2.873512351416966648e-02,3.609411579317607921e-01
-8.863214365265495442e-02,5.366573627495949683e-01
-2.242353931758112873e-01,3.874187782513905942e-01
5.361339426585352008e-01,-4.976695365488975620e-01
4.037139478440899265e-01,-3.986201192477832889e-01
1.873559003015090874e-01,-2.021839484810065424e-01
7.310723954047076978e-02,-3.613783774117538261e-01
-3.937705466553531597e-01,3.342476053758731691e-01
4.236784172247666791e-01,-5.086057549493473440e-01
6.124986188838260626e-01,-3.277900700267903367e-01
-3.751372379232154053e-02,4.523410281369494301e-01
2.458069381012455978e-01,-4.875638017229666499e-01
2.964796444923156193e-01,-4.038216119633367684e-01
5.490134018674526217e-01,-1.739192104163807817e-01
5.399040102599645952e-01,5.996431148195281030e-02
3.458836641937809153e-01,-4.202403149484890132e-02
3.477362011178080636e-01,-5.632423344576069635e-01
2.949749782094704953e-01,-2.676679650336599714e-01
2.762855009102070936e-01,-4.522426241968019456e-01
-5.822550204385961159e-01,2.677869622964053065e-01
5.127039167082264592e-01,-1.026086479704701460e-01
1.900356783286495377e-01,-1.586519678041595494e-01
3.900663426429123448e-01,5.823472834649678909e-02
-1.735293955837068081e-01,7.754662770069847832e-01
3.999357029221567439e-01,-6.178146063448161085e-01
8.329566995135161134e-02,-6.868238235077919196e-01
-3.846359878449724934e-01,3.128924896173650994e-01
1.807243632498502783e-01,-5.027461410705242884e-01
2.786451199380345911e-01,5.239784482196634813e-02
1.169763573984763071e-02,-5.466929539733307308e-01
3.881289892465403790e-01,-5.489690652845361507e-01
1.648087078490991508e-01,-4.626179793086455105e-01
4.604758931047544523e-01,-4.312820136803315885e-01
-3.358810515407591457e-01,2.984489867468194113e-01
5.736834189705941611e-01,-6.085509415187453364e-01
-3.872565195112956382e-01,1.322684690147845621e-01
1.307654224180542502e-01,-1.926273277355911862e-01
5.091988018948025996e-01,-4.052841991240494490e-01
-2.429667137094977392e-01,3.157318836024732289e-01
8.062352960172873562e-02,-1.233296886588090557e-01
3.270419981925375419e-01,-3.208522989048878671e-01
1.093313264638566817e-01,-4.819328179785351551e-01
1.352563515847661491e-01,-4.622267306040411805e-01
3.327022166086828769e-01,-4.708290531637985277e-01
2.222188065371837884e-01,-5.173965715854009773e-01
-2.006831520945116243e-01,3.887430297383152600e-01
3.456970878473470954e-01,-1.131473211234787918e-01
3.034705692128605303e-01,-4.771362147304080148e-01
-1.077299620562158777e-01,3.035546358536677092e-01
3.577177010531566448e-01,-2.363391266757572107e-01
-4.003583116274688769e-01,2.694250682782233230e-01
2.792126438459133775e-01,-4.304245730169964368e-01
7.145234686091381238e-02,-3.748156256971969524e-01
-2.108431516040278619e-01,5.394260929158102291e-01
-3.180418332324170261e-01,1.157954189866624989e-01
-4.848492991587828316e-01,5.622972531169525556e-01
9.322135339801762566e-02,-1.793797200019627003e-01
-4.946855817630706476e-01,1.195093465769067956e-02
2.811941064976876126e-01,-6.005269452193436885e-01
-2.169284093767769039e-01,1.722033747434394690e-01
-9.815332534570261891e-02,5.242169963782431497e-01
-2.620486023257774244e-01,1.979783433164856721e-01
-3.383766014729867599e-01,3.550327807757198695e-01
-3.327885192792119362e-01,3.428736939541304762e-01
-2.205108955397583892e-01,3.220784510590962713e-01
1.291049921286137048e-01,-3.792118499029410450e-01
4.871786959117658800e-01,-2.472357956137423984e-01
4.145842928725791965e-01,-4.616644796541758411e-01
-4.031055692611303365e-01,5.229584603990673486e-01
3.558975938653771709e-01,-4.540874705293753699e-01
1.688945250597187198e-01,-5.125936339705150502e-01
2.754377837552635100e-01,-4.038196619189715619e-02
2.765259260093477223e-01,-1.618861682281602377e-01
-3.188429385059240451e-01,4.526825011691427703e-01
-4.617867391040491043e-01,5.044928234510640541e-01
3.890270397933910940e-01,-5.388424862218805789e-01
9.242484367597111894e-02,-3.426478754248543646e-01
-3.064036325475144595e-01,3.683292314505648979e-01
3.305517984826993327e-01,-2.936532608824207746e-01
-3.788826093682512441e-01,2.176770054729305348e-01
-2.030812084276542029e-01,3.923465673328999648e-01
1.381815197134331763e-01,-5.919422703400594177e-01
2.329234595634862570e-01,-6.617815253868585268e-01
-4.845998946064912771e-01,2.675772019302125049e-01
-3.132858521083236036e-01,1.273056305935022295e-02
2.124238923754833697e-01,-2.563227824243842767e-01
-5.218810571416125921e-01,5.306365952695677457e-01
-2.838523886130656648e-01,3.506846743781694142e-01
-3.747449817413348039e-01,3.953159617638688506e-01
5.165367556338282817e-01,-4.635306922104350247e-01
-4.737080490683459599e-01,3.275523338854619548e-01
-3.292213049324456686e-01,4.341346548715365739e-01
4.954491168173403848e-01,-1.302969732353571053e-01
-6.513665504710690612e-01,4.544241792407699987e-01
2.893096681894558597e-01,-1.985831735701596157e-01
-5.020080810476794664e-01,5.673107427840516914e-01
4.135625129132752265e-01,-4.310173405975098460e-01
4.617744975296831367e-01,-1.805491519287055757e-01
4.906414497778835426e-01,-2.285939573594092649e-03
4.634938655297402010e-01,-4.467353123742283105e-01
-5.892343727897356720e-01,8.278314041591655625e-02
3.324032320000653296e-01,-6.901239444948924218e-02
-5.246518622485857319e-01,5.742870009139638965e-01
7.936199374618477798e-01,-4.010415052185251072e-01
-3.137625777405746441e-01,3.374388934059318057e-01
3.098564276943710505e-01,-5.779704914549727707e-02
4.573653333826210310e-01,-6.363195278552785661e-01
1.009585801894597040e-01,-1.193452651007814308e-01
-1.930216912884903102e-01,2.268641881915151870e-01
-3.534828314231933111e-01,4.259796089725186308e-01
6.065086850370700333e-02,-2.875375214206827290e-01
-1.883153989049176913e-01,3.270412901394887384e-01
-2.506253433853180002e-01,3.942405221111955349e-01
3.405684988649603229e-01,-2.203515643358379128e-01
9.438876559156832158e-02,-2.603077587424694195e-01
3.823242851031120049e-01,-2.589861120434301944e-01
-4.781103869087038882e-01,3.367433684485616197e-01
-2.638019938974989209e-01,2.629293087139659701e-01
3.884543014668485061e-01,-4.424572824121882908e-01
4.870305310145124911e-01,-3.673060430981546221e-01
5.306483129244681241e-01,-5.019428736389172085e-01
-6.125905311134509645e-01,7.959181927669752854e-01
5.820362676514906353e-01,-3.728098034903871705e-01
-3.489593774141172555e-01,2.644240337628568915e-01
5.703703243170547832e-02,-3.458558612474396665e-01
-2.432955508131174338e-01,4.050285088194701677e-01
1.514749903997181790e-01,-2.735737748531521518e-01
5.268036260361483869e-01,-3.740551866405702475e-01
5.709648036400909871e-02,-3.112760581450696451e-01
7.829622536348104789e-02,-1.802345695304850282e-01
-5.422434473943312794e-01,7.400084482600111091e-01
1.400800791212129803e-01,-2.901988566866114394e-01
-2.694935221419951232e-01,2.832233650962366900e-01
-1.090027812867563201e-01,5.469355129064862320e-01
2.305691831363010647e-01,-4.447650716128138670e-01
-2.525111662970638826e-01,-9.586988961243751717e-02
3.689679531252745281e-01,-7.560192539266334943e-01
-1.785969605883687139e-01,-1.328543944479323169e-01
4.325759228527581990e-01,-5.948862018943046337e-01
1.785457755604139690e-02,-2.440774443750395040e-01
-2.848255509258146301e-01,5.636012634554530276e-01
-3.158990335034941310e-01,6.488049045797842362e-01
-2.221121160671942762e-01,6.203958439921364310e-01
-4.804217691336594154e-01,1.044516683186343664e-01
-5.751743308129112497e-01,3.736845425945335419e-01
-4.192935554048933255e-01,4.470579393787296185e-01
-3.941895121042843231e-01,3.882285809845779645e-01
-4.876178526018718484e-01,6.120784404356821584e-01
2.351978751723149685e-01,-3.752580413298137740e-01
4.732619644179331675e-01,-4.396930483932713352e-01
3.290567340381664874e-01,-4.017299208316013615e-01
-4.842868031449845678e-01,2.021752777964820058e-01
-3.147348676423041280e-01,3.301465250386603212e-01
2.892136674338782742e-01,-5.316805076140103115e-01
-3.015761518503244365e-01,1.882630957984368636e-01
-3.867059435519558108e-01,5.273206655426395661e-01
-3.942623001527172932e-01,2.211491329916358828e-01
2.877335164828978553e-01,-3.545598744899188248e-01
8.847179487761522299e-02,-4.071750054229172910e-02
3.228904368196147123e-01,-1.955337134417151623e-01
-3.967685911983028779e-01,3.762304682821462909e-01
1.279209160351329200e-01,-8.226296286188754248e-02
-4.595748758817627677e-01,6.641071830763591866e-01
-6.222674320196436293e-01,2.410873804492265904e-01
2.898045036781924377e-01,-4.743063265887813573e-01
-6.424031983994120398e-02,2.730947963226393327e-01
4.331172278413462640e-01,-5.952822605788677945e-01
7.845880718506412776e-01,-4.489971699437743102e-01
4.267233735412520046e-01,-5.303015542724189846e-01
-7.966532898330676293e-02,1.594822980834666448e-01
1.732583981368042148e-01,-5.609996111904711480e-01
-1.888907479328969241e-01,-2.476390389877616005e-01
-8.179182896309772355e-01,5.924182522256816741e-01
-1.699266459281163766e-01,-3.765412616754829078e-01
3.213941374833906850e-01,-1.702262255965695525e-01
-3.448319939746402052e-01,2.402080310497830273e-01
3.283882711817690536e-01,-4.596748033263424182e-01
-3.907167506386771683e-02,3.529745185299332788e-01
1.592305357513690289e-01,-3.913937095293731905e-01
5.451975470120405953e-01,-2.428044630804429282e-01
2.569147993432185917e-01,-4.249931252829651784e-01
-3.762064587830046825e-01,5.418064171209651114e-01
-1.638375660347809182e-01,3.642879146543979152e-01
-3.467981994281191804e-01,8.214786884690050695e-01
3.435487821151695931e-01,-4.280044157562941654e-01
-1.934123876403036624e-01,2.564238903972831385e-01
3.592047691020018862e-01,-4.061134837774336703e-01
1.070513303204559674e-01,-2.981991081167896795e-01
-1.628968360453389441e-01,1.920886880521997242e-01
-6.760533811400394333e-01,2.547714393970455515e-01
-4.708856806591570354e-01,3.684260447792972459e-01
1.794226781688343930e-01,1.958533686413522004e-02
-2.484420072837182081e-01,4.531868566737101145e-01
-4.315337233038554210e-01,4.101366410311483301e-01
-1.486556866311486425e-01,8.628350317130768776e-02
-1.364985067654621576e-01,4.368316747425717850e-01
2.491494894033561558e-01,-4.779296294491120478e-01
2.515767300735091139e-01,-3.050803065543514214e-01
-1.741809161031326880e-01,2.416382595533562161e-01
-5.460004945893847106e-01,2.844953552959832432e-01
-1.837254368710964647e-01,7.898986443456311735e-01
4.683577276738644102e-01,-3.718343590208603722e-01
1.863738390926901745e-01,-4.122531956104384387e-01
-3.140252949353665168e-01,4.482417064381086225e-01
-4.295831789009027513e-01,1.953284525313013775e-01
-5.988263580795730734e-01,4.644295231394710011e-02
1.885511112462361083e-01,-3.976243841359166642e-01
-1.913274519193083056e-01,4.293633847080524646e-01
-2.658066886091361436e-01,2.660785056692483996e-01
-2.474085051971623150e-01,5.111957238105707679e-01
-6.338603789283326906e-01,7.413418341011505097e-01
2.131553572949886066e-01,-4.236645976329505570e-01
-5.430176907212495019e-01,1.652533301922599063e-01
2.746998380532954531e-01,-2.937388044098385165e-01
-4.501901073127684838e-01,3.037179614074194678e-01
2.753615317744879665e-01,-4.933066370757736574e-01
5.001202874117682828e-01,-4.560198731406462369e-01
3.991825485445618105e-01,-1.768689842571870563e-01
-4.208753513725050355e-01,1.136807642189495149e-01
-2.720788842212277236e-01,-1.389891295483516864e-01
-3.403989682741278000e-01,2.348638442079854782e-01
3.460931126221721832e-01,-4.572654457641428527e-01
1.511039659747416275e-01,-3.436776291881156742e-01
-3.662159989429921159e-01,3.956536605677376528e-01
2.115674744908355720e-01,-5.870190690458132465e-01
-3.779327637837698317e-01,4.607720222139212174e-01
-1.789627212893060981e-01,4.532816530278096501e-01
4.326394597875600767e-01,-6.346059106410061323e-01
4.448010227993601795e-01,-8.020760400038995375e-02
-1.467120523704788793e-01,4.702041731435922522e-01
5.094884382184948768e-01,-3.732104175217463848e-01
-2.857599895406583435e-01,3.520816212622170926e-01
-2.708125561678039195e-01,3.417567594726875213e-01
4.176173404334455608e-01,-2.696427933182888315e-01
1.222005847881980634e-01,-5.491662622280372164e-01
2.565430343705925043e-01,-6.259355791825108595e-01
2.514927239544499926e-01,-8.827866631912432982e-02
-3.640135961590552083e-01,5.896519188249624843e-01
-2.796895283375630537e-01,4.927345667966988030e-01
1.580164759837895394e-01,-2.722754455921193029e-01
4.531123932612100003e-01,-7.170810166552052944e-01
-1.376414597624452119e-01,2.599877759872865068e-01
-4.965635798259055433e-01,3.874420766530996540e-01
-4.864287182442151303e-01,3.170630490222900444e-01
-2.220071447789563890e-01,5.262426027778290827e-01
-4.870144711776359658e-01,7.174758222720232226e-01
2.162025518417096948e-01,-4.144860687319341097e-01
3.466996039639577698e-02,-2.277623005862398076e-01
3.448401242018563906e-01,-5.039567476211567199e-01
5.144397611892408406e-01,-6.579285117790514281e-01
-5.375825844921405805e-01,3.865326832426090320e-01
5.241426796670208693e-02,-2.535098772867204198e-01
3.129389031506165098e-01,-4.749155590655255166e-01
-2.580947120508351178e-01,1.973122197088741092e-01
-3.891448100366237672e-01,1.618972467250542890e-01
-4.099363734320536912e-01,5.547087206980431118e-01
-4.182044978344949260e-01,4.272789482777843428e-01
2.476932027825129445e-01,-2.606562452995897505e-01
-2.107839360646523719e-01,2.772782534492432283e-01
2.441826388125826475e-01,-2.620635290418441565e-01
3.444041388293955785e-01,-2.157647196297048375e-01
-7.793622482811495278e-01,4.995806037884240602e-01
4.965202595376809191e-01,-2.979520514850328428e-01
-2.932920171813120924e-01,6.452219553591118650e-01
3.127275020569252884e-01,-5.238934869684309659e-01
-4.743762459697277167e-01,7.014569032675539439e-01
-4.320705496666230605e-01,1.995352672834971586e-01
-7.255094590702405588e-01,4.525911185768339839e-01
-4.662464189880977106e-01,7.178357240132210437e-02
-5.183779540484630965e-01,5.047946947343497914e-01
3.589179489107153231e-01,-4.597339714534628419e-01
5.086447010756177667e-01,-7.414614563367996070e-01
2.186894941576806861e-01,-1.790877043690866921e-01
-4.132231096018236793e-01,3.972769784877036581e-01
1.882830332831832432e-01,-3.710587413343340718e-02
5.404079846138146737e-01,-6.146690013369394689e-01
-2.070830339473173076e-01,3.235169405068820669e-01
3.713687714850858468e-01,-2.024404594712075345e-01
2.972026215099276558e-01,-2.350896188550214427e-01
3.422804669922942522e-01,-6.589488932109142105e-01
2.818373020900201698e-01,-2.084641596635918304e-01
1.436619495519858569e-01,-4.302041703220835234e-01
-4.007589656527628108e-01,7.548908579874481495e-01
2.112925929214900522e-01,-6.362524774521171045e-01
-4.422794779771466733e-01,5.873273817136701602e-01
-1.470485431902843199e-01,1.764853496358453067e-01
8.418712124963090293e-01,-4.784332681988481828e-01
3.810470237912890190e-01,-1.923042393962123842e-01
-3.311709998450315662e-01,4.334833685308045470e-01
-4.750951369870151653e-01,4.942688478625494319e-01
-6.933662706347978877e-02,2.294969658345516195e-01
-3.002995815427616511e-01,7.751466695281430397e-01
4.759208886527480087e-02,3.698848131245836557e-01
-5.378593389472087205e-01,3.110160946183825881e-01
6.224060717665489406e-01,-3.289710499042714509e-01
-2.078704350841313331e-01,6.807557446250295241e-02
4.170938007138709214e-01,-5.167770682233346902e-01
-2.000889599529451224e-01,3.257771791554655016e-01
-2.917946139075207612e-01,4.551820628083440567e-01
-5.512328579487364433e-01,5.351311218320642382e-01
-3.137573741941462879e-01,4.210339987532749073e-01
2.989539452557543053e-01,-1.135792471223718431e-01
1.851574134077744460e-01,-4.416538130754008584e-01
3.724999459122571577e-01,-6.412132933833701864e-01
-4.096115061141050728e-01,3.187430908960026676e-01
-4.762525285300973077e-01,3.779932925189754545e-01
3.462061958683158580e-01,-6.989520685043737469e-01
-5.901498842155431523e-01,4.489947227325932211e-01
-1.807686276793749602e-01,3.450855227452206964e-01
-5.449475254753856079e-01,2.833012910700936637e-01
-3.433465907985032151e-01,4.077540460057887950e-01
-3.352786744625933513e-01,3.605929548067736690e-01
-4.278645127722174868e-01,1.817135089317303831e-01
3.144446368762018884e-01,-2.769962875129002300e-01
-5.208370321497620692e-01,1.131007892987068442e-01
-9.647319474088633662e-02,-5.424815276921823859e-01
-4.945303808416827152e-01,4.498706443557758949e-01
7.116263796319330925e-01,-1.074089314624161601e-01
2.562850334508676720e-01,-3.338112349229706011e-01
-3.485056009705445046e-01,4.188583397903131722e-01
-1.519172321050065722e-01,3.520704452459937905e-01
4.151596017370795533e-01,-6.017991505136027763e-01
4.372388085979658223e-01,-3.489150932225385526e-01
4.424261318677083499e-01,-6.913475184063861967e-01
-2.858138504903082189e-01,4.350279418160239997e-01
3.680443808023421970e-01,-2.535953441743915571e-02
-6.733856574118520788e-01,4.129447475916856458e-01
2.834028803062992874e-01,-2.766517797606872775e-01
-4.886463652382075362e-01,7.337543114684412782e-01
-5.179036049818551701e-01,1.112419835798476864e-01
-9.434179760928036729e-02,4.557407088554651931e-01
4.673114193062096189e-01,-3.540918134642371817e-01
-2.488536286183256063e-01,4.370073330815940627e-01
-3.162834320446462621e-01,7.194722568471308977e-01
-2.122535198051914707e-01,1.561676632674874610e-01
-5.395338199807673263e-01,3.195562654233441435e-01
-3.388474046650138960e-01,7.106072214193437375e-01
-5.018188244790273700e-01,4.584823154508737009e-01
4.178433562957590830e-01,-4.048919692123340019e-01
4.975797802842487627e-01,-1.620316210002524238e-01
-4.034687243451154925e-01,5.526002318385264678e-01
3.575347165202615862e-01,-5.302059079812373454e-01
2.704247536455093859e-01,-2.898067710557021837e-01
-4.284294490349999096e-01,1.577169792516861790e-01
-7.150833776349315718e-01,2.604077468733509981e-01
5.310394301862076949e-01,-5.799543656054175766e-01
3.393948699165706961e-01,-2.953821762116638494e-01
2.441403216831530831e-01,-4.093052330000428451e-01
-3.080528993065360099e-01,6.950818870192096988e-01
-3.510116691743456196e-01,4.295887419563358955e-01
4.831375367548289557e-01,-4.980687963253074280e-01
4.858630118679013732e-01,-1.664753868745890431e-01
8.057210933030010958e-02,3.383965015467197412e-01
-3.091463999572307553e-01,6.891872940822429960e-01
-3.856133858975057116e-01,3.437942262521355707e-01
4.846082534806849806e-01,-3.138863086899886801e-01
-5.368782034817005666e-01,1.334248348584801125e-01
-3.015841983412492766e-01,6.786208869913754604e-01
-5.475038336102386882e-01,4.554882585709783549e-01
-1.327488601282314773e-01,1.156938945262198370e-01
-3.290495258376271992e-01,5.226887563969266903e-01
5.323983692668382561e-01,-6.673858145949761456e-01
-5.853650130419475461e-01,2.858167336280104665e-01
1.155011230634983843e-01,-1.000000000000000000e+00
3.649786897455383622e-02,-2.129850743955092884e-01
-4.643098992253228419e-01,2.262367636340159860e-01
-5.199050535254372551e-01,2.180202610334024405e-01
-6.379855922705628402e-01,4.874891224930237854e-01
3.309386867065477467e-01,-2.463795025623199964e-01
2.029233777572823916e-01,-6.717378390801570509e-02
1.266194651769523005e-01,-5.805557315231926058e-02
5.437206658309492457e-01,-3.543341487888367336e-01
2.878611716443412738e-01,-5.540221585568654294e-01
4.389098511587221502e-02,-2.129605911177214761e-01
-5.743318696583029487e-02,4.083690158062722730e-01
-6.871547989699210435e-01,2.772182404273897949e-01
5.029522999974157527e-01,-3.527061954602140337e-01
5.420298870059753193e-01,-2.356982033669812460e-01
1.917019451576504330e-01,-3.079234168000488658e-01
1.698709848479401374e-01,-1.863900808558542621e-01
-3.066326817479134714e-01,5.794093135985597387e-01
1.158989687321311524e-01,-2.264691268653339362e-01
-4.643676627627142395e-01,2.112181770343724285e-01
2.455329129804914301e-01,-3.987178468785256835e-01
-2.823871768699250939e-01,2.678662854183143094e-01
5.408494196170923196e-01,-3.027040750204386677e-01
-3.722286728644011444e-01,5.314511375094016499e-01
-3.720824785122769929e-01,5.448014176487396831e-01
1.897113859993515006e-01,-2.894810375495922641e-02
-1.775015169595017539e-01,3.940782158132368762e-01
2.391524395111132295e-01,-2.797191588363485693e-01
2.946912277211255482e-01,-1.832963141636990145e-01
-5.967417133761393488e-01,6.566078217723069210e-01
3.515564274563697245e-01,9.741599076064269124e-04
3.006603664524636899e-01,-4.603073365189133681e-01
1.725214213102957417e-01,-6.058647008887584340e-01
2.658503743715814882e-01,-3.329034204556098331e-01
-1.026058366274877204e-01,3.212698224861399443e-01
4.020839827480539586e-01,-6.239817443155620813e-01
-1.716218811366853059e-01,3.618038812783876401e-01
-4.878427679801282668e-01,9.044294035905287021e-02
-3.037116622613101891e-01,3.958801146328471687e-01
-3.880234831536788498e-01,2.454830713602491332e-01
4.875913101876125540e-03,-6.548763962659774895e-01
-2.587006482819738662e-01,4.054283144316413456e-01
-3.677455398938945241e-01,7.983637682106692335e-01
3.886376225488835656e-01,-7.508080295219096700e-02
4.345053402853549240e-01,-1.228213790943499251e-01
-3.881544799948623559e-01,3.293812213286488877e-01
-1.139688225204491395e-01,2.132973301916013531e-01
-3.318956703030191413e-01,4.335610415772803150e-02
-2.549495830332457746e-01,2.402265064880731438e-01
-5.342875826476236600e-01,2.415784961500198891e-01
-3.051336671561736269e-01,4.767351421153769864e-01
-6.694706986614540334e-02,3.295684099011675916e-01
-3.507193691887507958e-01,3.185776248944580669e-01
5.688463517507198475e-01,-8.541016217858730941e-02
-6.164129902062228661e-01,6.496326536249185102e-01
2.754010080946796557e-01,-5.267548270673231281e-01
2.434461033490906978e-01,-2.360799660698829905e-01
4.279607148110137205e-01,-4.659887656328469130e-01
-7.757349568994961753e-02,3.949908136073558840e-01
-3.609572761528724305e-01,2.509904909578350996e-01
2.048122083130663185e-01,-3.510474391170989028e-01
-4.706489974543926480e-01,4.339561346958664134e-01
-8.059864580176970272e-02,4.808521451898949417e-01
4.580761333308716599e-01,-4.389540154920225645e-01
-3.512417428108157158e-01,3.577612867762335336e-01
5.155205533803459694e-01,-1.743939124313682310e-01
-5.034699435108928034e-01,4.233194415683557699e-01
1.655177400016920874e-01,-5.290854845706061127e-01
-2.802012016200628453e-01,4.484416924141497729e-01
4.387387928449462127e-01,-4.422213560846732783e-01
3.466439501050673222e-01,-2.980163893384932261e-01
9.196424815266072972e-02,-3.602599711364055102e-01
-3.024232653583847075e-01,3.612893725078726304e-01
-2.354970449925601617e-01,1.277353999518915095e-01
3.573514820535488717e-02,-7.143245092903894866e-01
-2.992028115238586916e-01,5.879544396853215726e-01
-3.075328398000112262e-01,5.075613157032859979e-01
5.500251212811658741e-01,-2.337641190595357854e-01
4.762613402125916995e-01,-5.332891556088695806e-01
3.117260821097513901e-01,-2.879264218273996367e-01
-4.164207098372442184e-01,3.255085677277220757e-01
-3.583880181446690294e-01,1.818047788655914598e-01
-3.569113215261350558e-02,3.044855806618735339e-01
1.531204497564523925e-01,-5.455185603069518940e-01
3.728660377155146866e-01,-4.374794314476851964e-01
2.660279479395572522e-01,-3.769969164479676782e-01
-2.628951835483405719e-01,3.960062762647892365e-01
6.064785711749274277e-01,-4.970279372141409024e-02
-4.282313229709616698e-01,2.961132836022414283e-01
3.614671025369540769e-01,-4.598075639560998962e-01
-1.130714860687848239e-01,3.456662032130540796e-01
-6.141290995262650432e-01,3.783611576870819504e-01
-4.992314161068103773e-01,1.072633320494556092e-01
-2.794130856507883176e-01,5.094501605460705074e-01
3.114948632514021876e-01,-4.001816025587783821e-01
3.983170788417919606e-01,2.561998364603332301e-02
2.051844326812755637e-01,-5.158661687058416767e-01
-1.245186507691326827e-01,-1.114182832906604990e-02
2.998831317504821459e-01,-2.302929540783118789e-01
3.987083075226819373e-01,-1.641628747105937369e-01
5.315465388554596604e-02,-6.395808672158323493e-02
-7.976088324597818691e-01,4.907651069887885575e-01
3.849462795804037829e-01,-2.662949265241579822e-01
2.859924433095035190e-01,-2.292810226741521518e-01
3.159418119039932304e-01,-6.569047768678235588e-01
2.189216597367737160e-01,-3.973869446201442890e-01
3.734875819894987736e-01,-8.445567979040394246e-02
-3.288635293185728781e-01,3.270143874123335181e-01
-4.796232669170667484e-01,1.719764089201649693e-01
4.803113520039319351e-01,-3.649275664584136769e-01
2.936504001007472775e-01,-3.307223599856964902e-01
-1.673325209945855929e-01,4.760930474463198614e-01
4.483991241190556920e-01,-4.565082536786724821e-01
-1.548260861495639185e-01,2.600861405158825801e-01
-4.917283392105687989e-01,3.346883989275611371e-01
-3.923390063630234903e-01,2.546378318158578069e-01
-2.601635611140920012e-01,7.012899163462068541e-01
-3.140731687095651981e-01,5.718858327027446231e-01
-5.499445583333020249e-01,3.209221562402708172e-01
-2.876675350438919754e-01,1.209164435735949061e-01
2.985229978168315590e-01,-5.877296254594903679e-01
-1.129588776057345034e-01,4.160300395357923731e-01
-4.143207050098544064e-01,2.588812885510151651e-01
-5.132364235416948528e-01,1.917198300111360720e-01
-4.764966885793854856e-01,2.086600076874247922e-01
-1.996861299984645233e-01,6.312248250860725829e-01
-2.746089015858824700e-01,5.659484819859785798e-01
-3.342926158580314944e-01,5.208805692737594750e-01
-4.994185004718900145e-01,6.409543345582368046e-01
-4.704718624401359461e-01,1.538833118710551395e-01
5.812693111489881659e-01,-5.300742652136953836e-01
-2.261392440692926442e-01,2.918926677881425458e-01
3.807965536253596905e-01,-1.459651003320860119e-01
-5.325904286861713466e-01,3.711820794094539133e-01
2.768380701658927356e-01,-3.825224715311551504e-01
2.406304114928575488e-01,-2.705556417449681561e-01
5.347393475314391464e-01,-5.716928122917399602e-01
1.096725178959655767e-01,2.384482017547976951e-01
-3.510245505690798851e-01,2.452384260929437731e-01
-1.745205412387091093e-01,4.724531871663955607e-01
2.811175995091458879e-01,-3.962280869448354670e-01
5.327640753767418635e-01,-3.956307532282750672e-01
-2.451140906114299689e-01,5.440979275565295259e-01
5.277407026594881367e-01,-4.727572716678907772e-01
3.269604213098118439e-01,-2.753350343372039100e-01
-2.788738455042907294e-01,3.508165628149192417e-01
4.188074644120103884e-01,-1.954566119847014338e-01
3.873090900982904539e-01,-5.080152213445324749e-01
3.381093703375722681e-01,-5.249818116425246650e-01
-4.209866409002067100e-01,2.170110045496824736e-01
-2.994814022855849522e-01,3.088378803448050269e-01
-4.096561402080224901e-01,2.904470736196991254e-01
-5.009356741457956508e-01,1.423527082005694722e-01
-5.408732553248485342e-01,5.456546666966302084e-01
2.520652703137922779e-01,-2.201316392283654833e-01
6.139493411176740745e-01,-2.534401984280954534e-01
-4.289772821931948227e-02,5.053364183182971203e-01
1.385431632570728426e-02,-3.956110923239500310e-01
1.355400364861722440e-01,-2.021736515594304284e-01
3.818780977333366966e-01,-4.956247388896438677e-01
2.833466548750637193e-01,-4.852106792447260508e-01
3.601607694482364397e-01,-2.974644852734938394e-01
-4.984033883747789884e-01,4.248203738820532371e-01
-8.221874689912204159e-01,1.562646791784273459e-01
-4.485834777662830453e-01,2.881078321035278611e-01
1.081590474649040123e-01,-8.477111905984628937e-01
5.386613917433241694e-01,-4.187353150407641111e-01
-4.027896381287939254e-01,5.761756434243019420e-01
2.729595433959412509e-01,-1.114391029754044776e-01
-3.687057805981408531e-01,3.616472627050915656e-01
-3.523785115915419874e-01,6.970896548033537199e-01
2.580871038192748546e-01,-1.321820608477029813e-01
4.421816500971925690e-01,-2.858333875543740410e-01
-3.991969513510697509e-01,1.423332199818822530e-01
3.243378740221824486e-01,-4.030538878481567111e-01
4.161937901942832085e-01,-2.737521451663775252e-01
-4.080806002141302846e-01,-1.899728322878897757e-01
2.375221202351106564e-01,-2.088020552411266328e-01
2.719586105161888034e-01,-2.451732489594127817e-01
-1.944949790066533291e-01,2.213664876912672663e-01
-3.233676863988038108e-01,4.782483000711234555e-01
2.817288479136079715e-01,-2.087909976336669304e-01
-2.680347534765092354e-01,4.797988325262878551e-01
-2.645522509095716290e-01,4.184649740439983501e-01
4.183829773271947605e-01,-4.810436818142756477e-01
-1.124831088501370840e-01,3.588839875165107385e-01
4.968592261440293312e-01,-8.055217413986016650e-01
-2.306503600847278623e-01,7.639589819894665457e-02
-5.889529489401226225e-01,1.521422682941210858e-01
1.197941417394440822e-01,-2.747323618339282958e-01
5.542237378852210572e-01,-2.675948529548807242e-01
-2.085447756296603394e-01,2.992344993644780460e-01
-5.892269508589089710e-01,5.269183790411623436e-01
-4.444166553388253504e-01,1.635092510398070687e-01
-4.836561378167808511e-01,4.098807976612375281e-01
-4.258501641652033820e-01,6.045036856228509503e-01
-7.595273239316545633e-01,5.855577943927050555e-01
-3.074495726729705725e-01,6.195563722010520857e-01
-4.154293403419245245e-01,7.224223129999903792e-01
3.369242778605277544e-01,-4.415907625343327703e-01
3.326245403160827535e-02,-4.756090104030223364e-01
2.149193151413997249e-01,-1.485590643053882609e-01
-6.054251617145476327e-01,3.895512393646489158e-01
2.196566053789903161e-01,-4.378211823001203484e-01
-5.051315688871643728e-01,5.667425071959933947e-01
-1.786962796980026691e-01,3.278868880403913999e-01
4.712579011893911485e-01,-1.040987396501630302e-01
-4.775710927286397900e-01,6.662858924269626781e-01
-2.909687443196066203e-01,4.547105631834606476e-01
1.849187107349286596e-01,-3.202772697392687329e-01
-4.344279044921475208e-01,2.651564479519680911e-02
2.635080481439207034e-01,-4.288672368803796431e-01
5.720871818245102519e-02,-4.608307881293782771e-01
-3.376418322401784078e-01,4.380772660354489978e-01
3.119381014747197867e-01,-6.303913501052852419e-01
3.328288469383303694e-01,-4.989342895196823835e-01
-1.805211963752381132e-01,4.411225337585777950e-01
-2.795269964275359231e-01,2.888050431338008983e-01
-1.989583071817841997e-01,4.767604633208079590e-01
7.228119534907661015e-01,-4.087113965656199999e-01
5.428985626537157216e-01,-1.302763804327562724e-01
1.057365869837644384e-01,-4.249813399964239014e-01
-4.971623291812439505e-02,-2.313979896172326522e-01
3.650547115092114825e-01,-5.377050211193419305e-01
-4.259028920226863302e-01,3.638186199915728891e-01
-4.600075757205636107e-01,3.498720516788720869e-01
-2.638342882347343155e-01,3.974644682237483129e-01
1.215689314762170709e-01,-1.666245949934591908e-01
-4.986862263593038747e-01,8.703451527144825395e-01
3.934756614036403199e-01,-4.541748056419248059e-01
-3.446768174515341121e-01,5.788985470340588524e-01
3.471200535797720477e-01,-6.478112596248105648e-01
-3.036644268859648998e-01,1.901964163726995172e-01
4.874265393318452655e-01,-3.415652729311919322e-01
3.706127055209441079e-01,-5.276012767018916083e-01
-3.064570242393419575e-01,7.484160874128962249e-01
-6.494798453067180954e-01,2.282384270635595125e-01
6.887226635682917875e-02,5.537906167971088367e-01
5.324675429725472808e-01,-2.019906660997330683e-01
-5.313064263416819033e-01,2.757153891325118122e-01
-4.581934478096202912e-01,6.870640340903690912e-01
-4.071323508698724281e-01,2.826533700201854238e-01
-2.149221219097369739e-01,3.655550288055050556e-01
2.279695391052359854e-01,-7.788078265057215566e-01
4.886786367826444488e-01,-3.785151313110298177e-01
-3.238585081472335481e-01,4.864102322811418300e-01
-4.161228889191425639e-01,4.115580655288867407e-01
-2.990457486259396891e-01,2.121228818919271564e-01
-1.423146251988035849e-01,4.099116016739950963e-01
-1.362747424122641438e-01,-3.958290846205788638e-01
-3.054092819802091685e-01,5.942447227515896824e-01
2.536874294430907506e-01,-3.506929319655486266e-01
-2.196560049316237107e-01,9.899915066238157424e-02
-3.339656035705431125e-01,4.945382745497233223e-01
4.165963990951901397e-01,-2.776421944747045067e-01
-3.179837871373155100e-01,8.627150895747105058e-03
-1.650653600941127674e-01,2.747792930765072805e-01
-4.787111530779488144e-01,2.492438376612245987e-01
4.745316609211389092e-01,-2.573871463569483153e-01
3.707437259057826950e-01,-4.366621047976317754e-02
4.809528947593656456e-01,-5.309582433009337743e-01
-1.515768481943088053e-01,6.196830873421864672e-01
-3.683824751783959517e-01,7.122060282088376049e-01
4.909752969419334256e-01,-4.001672687635188241e-01
2.899669727453995094e-01,-5.233401134164468171e-01
5.539783541808850353e-01,-9.696642975359444361e-02
5.672669559012404328e-01,-2.563066395867392711e-01
2.723378243896192319e-01,-2.978647451417482106e-01
-3.636272714421505681e-01,5.786281273586592055e-01
-2.077745232207175163e-01,1.571115391565139907e-01
-1.895357505692183975e-01,4.961896332603665249e-01
-9.464849157153824855e-02,6.502848680308594975e-01
3.515974240163365905e-01,-4.419404140365470468e-01
1.042771718465183989e-01,-3.370145194036893166e-01
3.003387901713528985e-01,-1.315855142937197020e-01
4.412040872006328107e-01,-3.675828646847093539e-01
2.200363987186147174e-01,-4.941762137446263914e-01
-4.677396233794228197e-01,6.653442733938733644e-01
3.143322247829742899e-01,-5.869001289920292574e-01
4.004392637587860238e-01,-4.038079638486848921e-01
-1.516842050744930948e-01,4.998872204826652066e-01
5.484686287239346481e-01,-2.687594942832525202e-01
-2.445407743484425134e-01,1.795113641866626364e-01
-2.507309167136159700e-01,3.457881803027362255e-01
3.704421514750241839e-01,-1.432398064515157665e-01
-1.901470230278388962e-01,3.563071313612850566e-01
-2.110844568632455620e-01,5.763117655630721758e-01
3.363814585696906501e-01,-5.291852260333502755e-01
4.621275004817087528e-01,-5.493137741967191179e-01
4.448562343405692565e-01,-4.690830880425641003e-01
-5.514366865415727403e-01,5.580710929264504072e-01
2.642257911673514537e-01,-2.690745021944280710e-02
1.995669997438477561e-01,-1.329377987543994555e-01
3.974220336220499195e-01,-5.725366384571995981e-01
2.319728738424977343e-01,-3.699042834723323958e-01
6.121313116863378312e-01,-4.448667342478620501e-01
-2.082178619591520952e-01,3.534495374897789755e-01
-4.780259741354689340e-01,4.226380543558210801e-01
-3.473996320249106984e-01,2.009005986522783282e-01
-5.667797154581180052e-01,2.917314850190456665e-01
-2.092790887521337739e-01,3.277418881671591566e-01
3.151670872638059895e-01,-3.071407701034909454e-01
-5.049231079163474245e-01,3.132772859577186986e-01
2.030367354957042791e-01,-2.480567284262784611e-01
4.364314179165417751e-01,-4.622553100192980935e-01
-5.695814669728210822e-01,1.085266980422879696e-02
-1.206390772351356999e-01,-5.721328118939305041e-01
2.244870020047511072e-01,-1.575245170370705994e-01
-2.917128034147102866e-01,3.200994930136560335e-01
6.555014728274781710e-01,-4.058348325066808426e-01
4.923358862881536124e-01,-4.047875587649635842e-01
5.789467937800453212e-01,-5.053267800336375126e-01
3.671770594228749296e-01,-5.938738909074655625e-01
-5.638204804626846256e-01,6.155927234160997186e-01
-2.666272376414801637e-01,3.498241430034909061e-01
-3.432049229575779847e-01,5.308524393436019340e-01
1.326594625144077444e-01,-5.860344688775819266e-01
-1.972712210185748744e-02,1.956177070525246531e-01
-1.610729944253282142e-01,4.894082769822890588e-01
5.196060457016326017e-01,-3.631297897557672072e-01
8.552043662736477647e-02,-4.081075112727030052e-01
-4.659321327565215110e-01,4.143945439539903353e-01
-3.552781705367183407e-01,2.725874230764583350e-01
3.141437853910399869e-01,-2.879756542076731263e-01
-1.050584564219412403e-01,2.827371463743372781e-01
-5.075395142879858268e-01,6.435944063763276990e-01
-2.507334809108833218e-01,2.775670026466805496e-01
-5.722817499892316473e-01,2.358202356029525659e-01
3.665917648986261046e-01,-4.697655186718641129e-01
-3.932272051118003153e-01,2.960387033284772595e-01
3.415375010274970258e-01,-3.798145249454596417e-01
3.647294681310534470e-01,-5.528716858376662158e-01
-4.177687027716369683e-01,5.268273160903436808e-02
-5.075281565072709000e-01,4.364355459860448927e-01
-1.773867935169562982e-01,3.495509846128697085e-01
-2.224449347901901741e-01,3.870528957278371318e-01
4.458571744566142137e-01,-2.152276232456149796e-01
2.120776989150247593e-01,-3.477114304815244750e-01
1.386399877302294525e-01,-4.411338139218181631e-01
4.490131722041774687e-01,-1.507785462404762911e-01
3.470722398607144488e-01,-1.763777583401939242e-01
-1.994689365392179614e-01,3.787470398482770118e-01
5.219326785307367572e-02,-2.922526209878716918e-01
-1.426329563391515731e-01,5.789775458596813085e-01
3.108272628133460641e-02,6.268597466342977764e-01
2.150285096513584182e-01,-1.289053270294875098e-01
2.650606935721206425e-01,-1.305002720942642080e-01
-3.354025665937288569e-01,3.708863367490340957e-01
1.584334900025465842e-01,-5.714422559099657795e-01
-2.914459175928613144e-01,4.912355823541800226e-01
4.725872949695072434e-01,-1.231771907325068631e-02
3.578485657362365790e-01,-1.916496627675430275e-01
4.431962570633943277e-01,-6.025113535878354742e-01
-4.027060978921587209e-01,4.912576694614737005e-01
4.563548964125213603e-01,-3.043775545434613261e-01
3.007053865892906352e-01,-3.280192680318708143e-01
-2.332108165944088152e-01,7.917262710585783181e-02
3.512259316969768563e-01,-3.890601265719582091e-01
-5.223699788007193368e-01,2.741373411246671998e-01
5.866175788376468692e-01,-1.485978271637354853e-01
-2.972095248702657511e-01,3.017157243279137147e-01
6.205067547225485702e-01,-2.617533616048615119e-01
3.639968032530644382e-01,-5.457307211166579908e-01
-3.903149386540940013e-01,5.258580066498049800e-03
4.055590148062267475e-01,-4.093922582415231992e-01
4.716747413559396751e-01,-3.750016764933367108e-01
1.194147539887829568e-01,-4.513005528233540731e-01
-5.202700229572255752e-01,6.034912023790401925e-01
-2.605236025709483094e-01,6.973671502915043119e-01
7.216056151106571281e-01,-2.858281907453715243e-01
3.196840320269866975e-01,-3.162656152070367210e-01
-2.838448253308097358e-01,5.546790772651927215e-01
-1.228573804260189861e-01,4.708559898230866847e-01
2.710430055468416310e-01,-2.409865196378836449e-01
2.118568022147378493e-01,-3.994576118903861994e-01
6.596112917975575918e-02,-2.007249212330540766e-01
5.608213777399195799e-01,-6.355085171937330246e-01
-2.153634744851875560e-01,4.018001591919775906e-01
3.620226839427900245e-01,-3.918219329322673028e-01
6.640388143225801898e-02,-4.239383377756577587e-01
2.008094084880139851e-01,-6.404795824117134884e-02
-6.027502241294329516e-02,4.481665309765258121e-01
-3.513150718025970787e-01,6.124414072461527025e-01
1.877803247565820177e-01,-3.063349232884667317e-01
5.860634295978368602e-01,-6.243962825156912366e-01
2.463873717708905120e-01,-5.585458153660632918e-01
2.203610855290551174e-01,-4.859120024455448883e-01
-4.540575249892959686e-01,4.174622790566077657e-01
4.714308074070890919e-01,1.285225552763320511e-01
3.434406654794225355e-01,-3.294207526241295092e-01
-5.004915646398050422e-01,3.444755660283369547e-01
3.474331038276488592e-01,-6.442404827442118620e-01
3.346283735830986594e-01,-2.190593250243421386e-01
-2.800230882589445636e-01,3.492868471531889174e-01
-3.128891038332892727e-01,6.691445446176104150e-01
-2.620668106026294297e-01,5.571197451094078712e-01
3.298474598244487965e-01,-5.329958060790509489e-01
1.070237408975375365e-01,-2.194778159641520843e-01
5.285170519913084952e-01,-2.549507658928416021e-01
-3.505274162251592607e-01,3.048464346560091909e-01
3.407094439565064858e-01,-7.491528412531892611e-01
-4.435255494983237345e-01,1.697821830533422227e-01
-3.463773949862060664e-01,9.245282033758854545e-02
4.028005644352200543e-01,-9.132834056750485652e-02
-4.945903878822182076e-01,4.799567985948176574e-01
4.635181940839332992e-01,-4.396610171136161038e-01
-3.907680470243189430e-01,5.327260769004112800e-02
5.137968482344997673e-02,-5.647438679081578927e-01
6.748206390038637981e-01,-5.764157899450417233e-02
-6.167053206221895234e-01,1.218539110505401230e-01
-4.880409557346124250e-01,4.030063501710705043e-01
-5.135309855160582471e-01,2.246419591717506714e-01
9.149235274256224404e-01,-6.492182779084120225e-01
-4.701697197519140725e-01,4.034229348797345738e-01
2.902264884024956526e-01,-2.440022411313509942e-01
5.223741857193303639e-01,-4.455501746733486201e-01
3.078583600438281054e-01,-8.823154889292599348e-03
-7.725612727317954231e-02,6.516164626951188588e-01
-1.620914899395963227e-01,4.670533218277675425e-01
3.404267176202289136e-01,-3.834479437344922026e-01
2.297245098362996341e-01,-1.655777243889375860e-01
4.995713214509231448e-01,-8.055489347487894414e-02
1.522698641776299711e-01,-4.229615950090875875e-01
9.481022972428618245e-02,-3.807203527968839873e-01
3.888608845597026908e-01,-2.042031281317646663e-01
-2.412375415219296659e-01,4.429284364530982621e-01
-4.653397457166722484e-01,1.199322777767116294e-01
-4.434390298049628587e-01,9.445903052515704224e-02
-6.295554011010152662e-01,2.120760822881442020e-01
-3.039669405024579274e-01,1.525093096230483447e-01
1.716284748783136471e-01,-2.377689050089105138e-01
-2.415693133420675764e-01,3.389383443147898078e-01
-1.922629294987290571e-01,2.277723765324676519e-01
-3.328903633059550060e-01,7.243014868053111455e-01
-4.014827173364602375e-01,1.215002112062711775e-01
-3.385497809478878461e-01,6.702357623143100351e-01
2.951619640573551751e-01,-2.045751213892846310e-01
-5.699331957658674286e-01,1.267623624223839784e-01
6.928369913196753827e-02,-4.066288737490931782e-01
-4.186817585798146002e-01,3.937801477713094855e-01
-5.490732006425824707e-01,4.306489532660637276e-01
5.013270742671148694e-01,-6.619535739771370553e-01
-4.761781337674800274e-01,5.817768999078479775e-01
6.429188262393016329e-01,-2.348601949378122389e-01
2.600846734457069598e-01,-1.294611338421988722e-01
2.933912728567551476e-01,-3.482265763723480512e-01
6.946206430808780918e-02,-2.811515630532140930e-01
-8.547938125986288826e-02,-1.808534045865621553e-02
1.416640270587058437e-01,-3.024687996123004985e-01
4.952078750349915848e-01,-6.485218813586545172e-01
-3.681360971758812495e-01,2.227022009810298298e-01
-2.543307321020049638e-01,2.170531818404600466e-01
4.329458637697216061e-01,-3.782062874476371239e-01
-5.365175136569046987e-01,5.240592638043135576e-01
6.359886171079529582e-01,-1.365067645161661958e-01
1.501319010535180631e-01,-5.018631830816844275e-01
4.197317268030508197e-01,-7.184174017266237167e-01
4.049449913695218894e-01,-2.227480024049130480e-01
-3.799251275039065845e-02,5.183072986906851476e-01
5.127674398554287194e-01,-3.285681179735356894e-01
5.324863208590895347e-01,-7.470312593053261840e-02
2.987749482457253691e-01,-2.690013362253005358e-01
-1.814302523472686168e-01,4.817746810818993586e-01
-3.370324109070541030e-01,3.962967109555369238e-01
-4.092938090427453712e-01,4.467308102480623266e-01
-6.229819481087457422e-01,3.020778401370236010e-01
4.316820853837435856e-01,-2.258441804689950705e-01
-4.932104956065047618e-01,8.584120519581480910e-03
-2.366667911562579385e-01,5.446723622414355592e-01
4.337826085308127966e-01,-4.837196054294209402e-01
4.949649083016606776e-01,-4.884373035378088423e-01
3.746164294487530078e-01,-3.696686639327342316e-01
6.040857897838698420e-01,-2.623973335419931829e-01
3.556993760840255203e-01,-4.347989936834738001e-01
-1.756753648908946641e-01,3.001344254817204793e-01
5.336016383035443456e-01,-2.299606387860961831e-01
4.569243994696817746e-01,-2.123392349847579852e-01
-4.262345668545615140e-01,7.373825468683177231e-01
-4.033213621211648725e-01,4.069667278384538900e-01
-6.260230387032972299e-02,2.241090499256649105e-01
3.952916527518852696e-01,-5.713759441919615822e-01
-4.212222385395212876e-01,-3.253917505694568085e-02
-1.892365472356805356e-01,5.702868613454933344e-01
2.545620089898912863e-01,-1.422637914769400713e-01
-2.392857062498632836e-01,3.099454036436513071e-01
-4.603098101628295136e-01,3.236370353661436883e-01
3.391469074695921404e-01,-2.531735978017415119e-03
6.234599192326467643e-01,-2.625942532692800424e-01
-3.821236809601122331e-01,2.140854241964100790e-01
-4.899586977228261309e-01,5.000972720160501428e-01
-6.400614652696188234e-01,1.348650909873915504e-01
-6.179869443313271704e-01,3.381105427254754159e-01
-4.527628473812960741e-01,3.048955781925895003e-01
2.693383993903331053e-01,-6.322643163904007046e-01
3.381051056823280443e-01,-2.873036232407995549e-01
-2.262107192757895902e-01,-9.462407598580652168e-02
-5.194702475923301810e-01,3.189391923361472592e-01
-5.892074235102668922e-01,2.934525589862732042e-01
-1.913200874782663985e-01,4.120879069518481597e-01
8.889645603829750276e-02,-5.203015918709975596e-01
5.076962900756066821e-01,-2.241780166472607250e-01
1.671724919002205989e-01,-2.205298459535611766e-01
3.357759560518714936e-01,-6.622145669604697638e-01
1.199825126473349352e-01,3.403343590607130764e-01
6.837365442214475841e-01,-3.812142919375810513e-01
6.725591320104606918e-01,-5.168129718032408171e-01
-4.767997557403519382e-01,2.786810685916193964e-01
-6.863769897206490889e-01,4.876682686044074289e-01
-5.029337790438420663e-01,4.221377488892959495e-01
-2.368357707493854714e-01,7.404240164077278974e-02
4.584273917942642829e-01,-2.836793560270845990e-02
-4.136266764658906303e-01,2.230736324929001035e-01
4.744892781459286724e-01,-3.285442751223883739e-01
3.978224040055310939e-01,-3.000796699971932102e-01
2.695522898047701954e-01,-2.762444860179318895e-01
-3.585823266071789805e-01,1.936189798572220955e-01
-3.077524750782779095e-01,5.418683480588735168e-01
2.625426754791381767e-01,-2.449644973798655589e-01
6.660934035692318567e-01,-5.558693434917644227e-01
3.993460961571223544e-01,-1.815312403089220372e-01
-6.126668150377009292e-01,4.915217737841079404e-01
4.719508312823182949e-01,-2.027128425254157984e-01
-4.067902072674091651e-01,3.953456496985088831e-01
4.764648003983431579e-01,-6.280337559295324779e-01
3.090403429383860034e-01,-4.509617165247954973e-01
2.791046382101171064e-01,-3.672441019319970801e-01
-2.643774672961333172e-01,4.399500950545525146e-01
3.390516219612410564e-01,-3.192675925651791147e-01
-3.226243060425716958e-01,4.027190039549652933e-01
3.767995807727246294e-01,-7.625827592610611161e-01
4.990179290988975280e-01,-3.780496410796891915e-01
3.143939751356116807e-01,-5.607909733713841716e-01
8.500569899987300282e-01,-3.262147471152990197e-01
4.999153087986047406e-01,-2.215268940224722205e-01
-2.472880255184232434e-01,4.595884685351164789e-01
2.483531060964375842e-02,-7.495764510511175593e-02
1.181845825307376169e-01,-4.340069249618763170e-01
-4.419059485551110611e-01,2.941766869420744390e-01
-2.511109937881483289e-01,2.704465131233614872e-01
-2.707710402431451890e-01,6.017304104137365384e-01
3.988965553300848899e-01,-1.750439627699539591e-01
4.306931609775871417e-01,-3.878723004586830947e-01
2.611020565337200394e-01,-4.481566467255746478e-01
2.463808467897357635e-01,-6.158010436125166409e-01
1.383547119453329977e-01,-3.827723651430969820e-01
-2.735707124499947018e-01,6.738274631632275025e-01
-1.099330935404633502e-01,2.398529918231725455e-01
6.177254249972832234e-01,-5.192388582472515779e-01
-4.189312971803454966e-01,3.810183352770637466e-01
-1.801205686808507178e-01,1.184149175843784846e-01
5.231108803346042890e-01,-6.980551278784057345e-01
-5.070087726210188439e-01,4.666755094739513110e-01
3.353543013109364646e-01,-4.464949722887570638e-01
-5.096207464894336042e-02,7.060138220031725309e-02
5.602281205476700165e-01,-5.940537363903050094e-01
5.026114298327248875e-01,-5.253220882138891490e-01
-4.459264898352552908e-01,2.244036753986747290e-01
-3.021158304957891616e-01,6.489036449837512488e-02
-5.203166249078619021e-01,1.755675226372996611e-01
3.643012457956655847e-01,-4.095164333579560112e-01
3.724011682083828711e-01,-2.207675911001271141e-01
4.583835927956457224e-01,-2.867156101075216679e-01
1.111940462205736058e-01,-3.098682236206452556e-01
3.277115873242501531e-01,-4.483463117589060465e-01
-5.078924236075936516e-02,-4.266723623443429703e-01
1.185088883244880126e-01,-3.246103256255365443e-01
6.838606728784575595e-02,-2.610256274772762008e-01
1.563755683476361347e-01,-3.239560588288643572e-01
-2.254196789451086702e-01,2.458972528432880611e-01
-4.553940389642336939e-01,4.386991772173170490e-01
-3.455542015378882392e-01,3.172380957483756925e-01
6.615037027844312967e-02,-2.310008217254773677e-01
1.964120357359497582e-01,-4.953078472360029072e-01
-3.236042002797213102e-01,6.715477423873145169e-01
3.106287824810279874e-01,-1.716525409952394388e-01
-5.752438661277232690e-01,7.406565690763778909e-01
3.960784931062596992e-01,-3.682866327231536507e-01
2.537411826936605275e-01,-3.847925542046453096e-01
4.141419957769299498e-01,-4.897323458586640421e-01
-2.622655647617925245e-01,3.111158148507967014e-01
3.922088629382125546e-01,-6.774822332851081486e-01
-2.363245530125061833e-01,1.824049138590270458e-01
2.206152382990100025e-01,-4.669851504410222343e-01
-1.954461375000660361e-01,2.518449169384330832e-01
-5.088739490015201095e-02,-5.247872509584510237e-01
4.584200814147417202e-01,-4.356237587690737767e-01
6.174193171351413101e-01,-2.094943661653937417e-01
-3.121494526070010544e-01,6.254830359487627556e-01
5.895429013272143193e-01,-8.688290750021825104e-02
3.026841626307955058e-01,-2.079014512752635491e-01
3.576957042208204762e-01,-6.673193858551550450e-01
-1.619214000700999467e-01,4.084465590426619164e-01
-2.370813471943083728e-01,2.669310923567710381e-01
1.652576513121850332e-01,-2.594776533074804048e-01
-4.518646041468098451e-01,4.657769928609932220e-01
-5.354504393677435026e-01,5.635344772126650303e-01
-3.964891730187165564e-01,2.451888937787475853e-01
-4.480576126622876076e-01,3.050000767214127162e-01
-2.915028250698281642e-01,5.601438279090924510e-01
1.239466929943754958e-01,-3.850882264054152904e-01
4.320549401759901653e-01,-1.791114340358491430e-01
-3.789047203806918396e-01,2.075829123939781362e-01
-5.108904760971887393e-01,1.908854428550914029e-01
-2.940533606802773758e-01,2.283793820469469105e-01
3.818261494594153982e-01,-7.257274745882603684e-01
-5.765979238616518732e-01,1.787572013312838104e-01
-4.203169390005833117e-01,4.674980657919595162e-01
-3.075096481866691489e-01,1.621182729719397309e-01
6.848539789978020931e-01,-2.843123782897939433e-01
1.194012504392447660e-01,-3.634244632941608932e-01
4.006784210157646742e-01,-2.982547809175609688e-01
-3.603749521673524359e-01,4.353049852083555882e-01
6.262421391886537902e-01,-4.071579944743339841e-01
-2.861502779667204899e-01,4.746846336151258061e-01
4.012460596584092043e-01,-2.535604942899328806e-01
5.426943678712068397e-01,-5.888658580213925742e-01
-4.304596366007345520e-01,5.721484773843638072e-01
-3.698233274654369462e-01,3.527612351454635364e-01
5.384871387105231166e-01,-5.393184684866714207e-01
-5.589742440086591380e-01,5.584346336549176337e-01
-4.804615914021355683e-01,2.805382111745867157e-01
2.249055976692898862e-01,-9.721799291719793179e-02
-2.605448452339861887e-01,3.087556365929338686e-01
2.575849575227593391e-01,-4.205696447028857698e-01
-3.764438457465922871e-01,6.711884553511020535e-01
2.346994354221639822e-01,-6.985236248606286891e-01
5.216900323860853422e-02,-3.380728709632332407e-01
5.142852556376318329e-01,-6.155094159951289834e-01
-4.694799256790874176e-01,3.838754302697254817e-01
-2.726012203846381321e-01,1.740382090563387940e-01
-4.042614436198971872e-01,1.989766985700717472e-01
-4.968153077902932035e-01,2.986772234709273444e-01
1.888756441484495951e-01,-2.744602187578232960e-02
3.254674834151956575e-01,-2.736353969384449636e-01
3.850202133339926114e-01,-7.698339252674536448e-01
-2.717628097505222495e-01,3.759607135790535848e-01
5.588952639462952537e-02,-5.441051083645725983e-01
6.307959947353193320e-01,-4.980879302215766025e-01
3.167649809708157349e-01,-5.831646502672249710e-01
-1.685811702120361133e-01,4.890677606468594729e-01
-3.236965495892374367e-01,4.145107793016667430e-01
3.291126944758387962e-01,-4.832684412621027215e-01
-3.817729173164021717e-01,3.317637677758439319e-01
-2.626730229646482284e-01,3.673761610733360800e-02
-5.136675816390011695e-01,6.911691766125003245e-01
-4.588510373124595754e-01,1.514835329266321085e-01
6.142751548988031329e-01,-2.029875470370419432e-01
-3.258461967594499572e-04,-5.511852994033470399e-01
6.412614449223826840e-01,-5.108791599084661073e-01
-2.895263298094427062e-01,3.859653830507954742e-01
-4.379898217506806857e-01,3.204137847893273050e-01
2.570663667073972425e-01,-2.228218568493965657e-01
3.782922053961561004e-01,-5.105736979164861022e-01
-2.975197663319784080e-01,5.743440694699357696e-01
-2.610665737193995084e-01,4.297778625709349209e-01
-1.594998624364531992e-01,5.549749004787336570e-01
3.310321704631479789e-01,-4.425944499952581546e-01
2.915099332177817359e-01,-4.588084883079309173e-01
-1.020982667317259750e-02,6.536956974429322109e-01
3.347113941458790820e-01,-3.211349113787738685e-01
1.576946424494282406e-01,-4.431128680666685526e-01
-2.558230329677676496e-01,4.685294529905836836e-01
4.001798655740872457e-01,-5.687331585107068266e-01
3.638023051452962675e-02,-3.713519304908121654e-01
-5.051297430461004767e-01,1.264442503103972715e-01
6.260042634020170083e-02,1.393533753859582669e-01
5.333010713061452357e-01,-6.251569863555426210e-01
-3.290537531357861645e-01,3.808056642455521779e-01
-5.769659968010811824e-01,4.711344380157681533e-01
1.727110225347449068e-01,-3.220907871622914476e-01
-1.240332615376227438e-01,3.590494878000040635e-01
2.806050356697965542e-01,-2.631921070101114202e-01
4.420961311672028660e-01,-2.455008424250784138e-01
3.726119125185726189e-01,-2.381214184353583618e-01
-5.304310271327404847e-01,3.874830207739233812e-01
3.951897420012102646e-01,-4.307687539106940799e-01
-4.040926388016577997e-01,3.331456436466309068e-01
6.606240695438863053e-01,-6.391473171061790026e-01
-3.349655435316135077e-01,2.185639116294670614e-01
-4.104095262851393255e-01,5.127668162424352527e-01
5.015147172598665160e-01,-6.484190354048348093e-01
9.348405205760038084e-02,7.076346621888481847e-01
-1.570371125740496754e-01,2.932595595034105940e-01
4.966327284599072155e-03,3.694490106129743046e-01
3.025746994844663584e-01,-3.130540376457643381e-01
6.859486573282225219e-01,-2.786976824218913018e-01
-7.235856837324892987e-02,2.025151103011690601e-01
-1.207264785876732693e-01,2.126361244757881963e-01
-4.884808414779331920e-01,4.389486811026394042e-01
-1.830346982891192520e-01,3.671290839080672552e-01
-2.081896960584338485e-01,4.230817650387549422e-01
-4.051177233502621378e-01,1.492248597548157807e-01
-1.127101211473257036e-01,1.979793850803162891e-01
5.491160688355294361e-01,-7.973825176027541373e-01
3.162572772881954708e-01,-4.384910529404357216e-01
5.960499125611274929e-01,-4.731996702076672334e-01
-3.257731335652692128e-01,6.422782408572821344e-01
4.473893522923236277e-01,-1.559530814513615249e-01
-3.704601051806563072e-01,2.827024246343511349e-01
3.491187926324310076e-01,-4.756525926885858957e-01
-3.997991045515013053e-01,3.306609490403593643e-01
3.969143843741166355e-01,-4.780691228976047258e-01
2.196954591861456085e-01,-3.786958497470962470e-01
3.951191421446647589e-01,-6.521216466505054266e-01
-1.328208163806984116e-02,3.750064623889526327e-01
-2.454294378335007687e-01,2.528640176830532216e-01
4.172742369075991831e-01,-2.781084886284285740e-01
2.283083053430473019e-01,-4.699018751254987469e-01
1.717326580896402222e-01,-4.897479325991368482e-01
-2.550654995788023682e-01,3.728789565085015023e-01
3.937930419493725909e-01,-6.149580961447038696e-01
1.963274505490575361e-01,-4.783696019086460804e-01
6.736651009757541608e-01,-5.123171608425648449e-01
1.587387107311595269e-01,-3.293946355562456518e-01
-2.712455070492092446e-01,7.387208156220056443e-01
4.946669064197843357e-01,-6.829150333138138684e-01
-3.988515220012343598e-01,7.569951741021738734e-01
-3.467938452456255094e-01,4.403864828842463108e-01
7.701893116505154069e-01,-3.316246583816875315e-01
-5.762056830768896853e-01,5.390990952021629257e-01
-3.575700119101367092e-01,2.541029848630791399e-01
-6.067066394090269155e-01,4.769088708320695091e-01
-1.960242717353783415e-01,3.312670667697536486e-01
-2.028256907088009098e-01,3.360804011287275850e-02
-5.918386013983882865e-01,2.503826080608544391e-01
2.042544331218200115e-01,4.130791335809825271e-01
-2.251233708864079086e-01,4.537024486082846253e-01
-3.368957387442260698e-01,3.856889470982799439e-01
2.895337815482412203e-01,-4.057731294472766703e-01
-5.378348871520226560e-01,2.961606714376452953e-01
-2.780186144350678124e-01,6.519823570274679847e-01
-4.527430885836837837e-01,2.806224907812945313e-01
4.446387677315903897e-01,-2.295419377363998037e-01
1.860216718047403017e-01,-2.965870722222020417e-01
-2.481441911395705080e-01,3.512119445720838229e-01
4.617453069059321291e-01,-2.300906380730840806e-01
3.548445571905901597e-01,-3.230900131553416932e-01
-3.581275957848456537e-01,3.813538573426260014e-01
3.871783246030536807e-01,-3.468189311703587796e-01
-5.304711106365275208e-01,3.719947765118974958e-01
-5.393322791524596260e-01,5.233585914637736147e-01
